319 0 -0.078125
319 1 -0.078749
319 2 -0.074796
319 3 -0.038453
319 4 0.248216
319 5 0.000000
319 6 0.000000
319 7 0.000000
318 0 -0.078125
318 1 -0.079530
318 2 -0.074704
318 3 -0.031191
318 4 0.269866
318 5 0.000000
318 6 0.000000
318 7 0.000000
317 0 -0.078125
317 1 -0.080311
317 2 -0.074611
317 3 -0.023929
317 4 0.291516
317 5 0.000000
317 6 0.000000
317 7 0.000000
316 0 -0.078125
316 1 -0.081093
316 2 -0.074518
316 3 -0.016666
316 4 0.313167
316 5 0.000000
316 6 0.000000
316 7 0.000000
315 0 -0.078125
315 1 -0.081874
315 2 -0.074426
315 3 -0.009404
315 4 0.334817
315 5 0.000000
315 6 0.000000
315 7 0.000000
314 0 -0.078125
314 1 -0.082655
314 2 -0.074333
314 3 -0.002142
314 4 0.356467
314 5 0.000000
314 6 0.000000
314 7 0.000000
313 0 -0.078125
313 1 -0.083436
313 2 -0.074241
313 3 0.005121
313 4 0.378117
313 5 0.000000
313 6 0.000000
313 7 0.000000
312 0 -0.078125
312 1 -0.084217
312 2 -0.074148
312 3 0.012383
312 4 0.399767
312 5 0.000000
312 6 0.000000
312 7 0.000000
311 0 -0.078125
311 1 -0.084788
311 2 -0.074051
311 3 0.025009
311 4 0.403527
311 5 0.000000
311 6 0.000000
311 7 0.000000
310 0 -0.078125
310 1 -0.085359
310 2 -0.073954
310 3 0.037635
310 4 0.407286
310 5 0.000000
310 6 0.000000
310 7 0.000000
309 0 -0.078125
309 1 -0.085930
309 2 -0.073858
309 3 0.050261
309 4 0.411045
309 5 0.000000
309 6 0.000000
309 7 0.000000
308 0 -0.078125
308 1 -0.086500
308 2 -0.073761
308 3 0.062886
308 4 0.414804
308 5 0.000000
308 6 0.000000
308 7 0.000000
307 0 -0.078125
307 1 -0.087071
307 2 -0.073664
307 3 0.075512
307 4 0.418564
307 5 0.000000
307 6 0.000000
307 7 0.000000
306 0 -0.078125
306 1 -0.087642
306 2 -0.073567
306 3 0.088138
306 4 0.422323
306 5 0.000000
306 6 0.000000
306 7 0.000000
305 0 -0.078125
305 1 -0.088213
305 2 -0.073470
305 3 0.100764
305 4 0.426082
305 5 0.000000
305 6 0.000000
305 7 0.000000
304 0 -0.078125
304 1 -0.088784
304 2 -0.073374
304 3 0.113390
304 4 0.429841
304 5 0.000000
304 6 0.000000
304 7 0.000000
303 0 -0.078125
303 1 -0.089044
303 2 -0.073275
303 3 0.133719
303 4 0.428643
303 5 0.000000
303 6 0.000000
303 7 0.000000
302 0 -0.078125
302 1 -0.089304
302 2 -0.073177
302 3 0.154048
302 4 0.427445
302 5 0.000000
302 6 0.000000
302 7 0.000000
301 0 -0.078125
301 1 -0.089564
301 2 -0.073078
301 3 0.174378
301 4 0.426246
301 5 0.000000
301 6 0.000000
301 7 0.000000
300 0 -0.078125
300 1 -0.089824
300 2 -0.072980
300 3 0.194707
300 4 0.425048
300 5 0.000000
300 6 0.000000
300 7 0.000000
299 0 -0.078125
299 1 -0.090084
299 2 -0.072881
299 3 0.215037
299 4 0.423850
299 5 0.000000
299 6 0.000000
299 7 0.000000
298 0 -0.078125
298 1 -0.090344
298 2 -0.072783
298 3 0.235366
298 4 0.422651
298 5 0.000000
298 6 0.000000
298 7 0.000000
297 0 -0.078125
297 1 -0.090604
297 2 -0.072684
297 3 0.255695
297 4 0.421453
297 5 0.000000
297 6 0.000000
297 7 0.000000
296 0 -0.078125
296 1 -0.090864
296 2 -0.072586
296 3 0.276025
296 4 0.420255
296 5 0.000000
296 6 0.000000
296 7 0.000000
295 0 -0.078125
295 1 -0.090785
295 2 -0.072488
295 3 0.286877
295 4 0.423522
295 5 0.000000
295 6 0.000000
295 7 0.000000
294 0 -0.078125
294 1 -0.090706
294 2 -0.072391
294 3 0.297729
294 4 0.426790
294 5 0.000000
294 6 0.000000
294 7 0.000000
293 0 -0.078125
293 1 -0.090627
293 2 -0.072293
293 3 0.308581
293 4 0.430057
293 5 0.000000
293 6 0.000000
293 7 0.000000
292 0 -0.078125
292 1 -0.090548
292 2 -0.072196
292 3 0.319433
292 4 0.433325
292 5 0.000000
292 6 0.000000
292 7 0.000000
291 0 -0.078125
291 1 -0.090469
291 2 -0.072098
291 3 0.330285
291 4 0.436592
291 5 0.000000
291 6 0.000000
291 7 0.000000
290 0 -0.078125
290 1 -0.090390
290 2 -0.072001
290 3 0.341137
290 4 0.439859
290 5 0.000000
290 6 0.000000
290 7 0.000000
289 0 -0.078125
289 1 -0.090311
289 2 -0.071903
289 3 0.351989
289 4 0.443127
289 5 0.000000
289 6 0.000000
289 7 0.000000
288 0 -0.078125
288 1 -0.090232
288 2 -0.071806
288 3 0.362842
288 4 0.446394
288 5 0.000000
288 6 0.000000
288 7 0.000000
287 0 -0.078125
287 1 -0.089812
287 2 -0.071711
287 3 0.348960
287 4 0.451588
287 5 0.000000
287 6 0.000000
287 7 0.000000
286 0 -0.078125
286 1 -0.089392
286 2 -0.071617
286 3 0.335079
286 4 0.456781
286 5 0.000000
286 6 0.000000
286 7 0.000000
285 0 -0.078125
285 1 -0.088973
285 2 -0.071523
285 3 0.321198
285 4 0.461975
285 5 0.000000
285 6 0.000000
285 7 0.000000
284 0 -0.078125
284 1 -0.088553
284 2 -0.071429
284 3 0.307317
284 4 0.467168
284 5 0.000000
284 6 0.000000
284 7 0.000000
283 0 -0.078125
283 1 -0.088134
283 2 -0.071335
283 3 0.293436
283 4 0.472361
283 5 0.000000
283 6 0.000000
283 7 0.000000
282 0 -0.078125
282 1 -0.087714
282 2 -0.071241
282 3 0.279555
282 4 0.477555
282 5 0.000000
282 6 0.000000
282 7 0.000000
281 0 -0.078125
281 1 -0.087294
281 2 -0.071147
281 3 0.265674
281 4 0.482748
281 5 0.000000
281 6 0.000000
281 7 0.000000
280 0 -0.078125
280 1 -0.086875
280 2 -0.071052
280 3 0.251793
280 4 0.487942
280 5 0.000000
280 6 0.000000
280 7 0.000000
279 0 -0.078125
279 1 -0.086135
279 2 -0.070964
279 3 0.223325
279 4 0.489654
279 5 0.000000
279 6 0.000000
279 7 0.000000
278 0 -0.078125
278 1 -0.085395
278 2 -0.070876
278 3 0.194857
278 4 0.491366
278 5 0.000000
278 6 0.000000
278 7 0.000000
277 0 -0.078125
277 1 -0.084656
277 2 -0.070788
277 3 0.166389
277 4 0.493077
277 5 0.000000
277 6 0.000000
277 7 0.000000
276 0 -0.078125
276 1 -0.083916
276 2 -0.070699
276 3 0.137921
276 4 0.494789
276 5 0.000000
276 6 0.000000
276 7 0.000000
275 0 -0.078125
275 1 -0.083177
275 2 -0.070611
275 3 0.109453
275 4 0.496501
275 5 0.000000
275 6 0.000000
275 7 0.000000
274 0 -0.078125
274 1 -0.082437
274 2 -0.070523
274 3 0.080985
274 4 0.498213
274 5 0.000000
274 6 0.000000
274 7 0.000000
273 0 -0.078125
273 1 -0.081698
273 2 -0.070434
273 3 0.052517
273 4 0.499925
273 5 0.000000
273 6 0.000000
273 7 0.000000
272 0 -0.078125
272 1 -0.080958
272 2 -0.070346
272 3 0.024050
272 4 0.501637
272 5 0.000000
272 6 0.000000
272 7 0.000000
271 0 -0.078125
271 1 -0.079937
271 2 -0.070266
271 3 0.005067
271 4 0.492022
271 5 0.000000
271 6 0.000000
271 7 0.000000
270 0 -0.078125
270 1 -0.078917
270 2 -0.070186
270 3 -0.013916
270 4 0.482406
270 5 0.000000
270 6 0.000000
270 7 0.000000
269 0 -0.078125
269 1 -0.077896
269 2 -0.070106
269 3 -0.032899
269 4 0.472791
269 5 0.000000
269 6 0.000000
269 7 0.000000
268 0 -0.078125
268 1 -0.076875
268 2 -0.070025
268 3 -0.051882
268 4 0.463176
268 5 0.000000
268 6 0.000000
268 7 0.000000
267 0 -0.078125
267 1 -0.075855
267 2 -0.069945
267 3 -0.070865
267 4 0.453560
267 5 0.000000
267 6 0.000000
267 7 0.000000
266 0 -0.078125
266 1 -0.074834
266 2 -0.069865
266 3 -0.089848
266 4 0.443945
266 5 0.000000
266 6 0.000000
266 7 0.000000
265 0 -0.078125
265 1 -0.073813
265 2 -0.069785
265 3 -0.108831
265 4 0.434329
265 5 0.000000
265 6 0.000000
265 7 0.000000
264 0 -0.078125
264 1 -0.072793
264 2 -0.069705
264 3 -0.127814
264 4 0.424714
264 5 0.000000
264 6 0.000000
264 7 0.000000
263 0 -0.078125
263 1 -0.071544
263 2 -0.069635
263 3 -0.131586
263 4 0.400552
263 5 0.000000
263 6 0.000000
263 7 0.000000
262 0 -0.078125
262 1 -0.070296
262 2 -0.069565
262 3 -0.135358
262 4 0.376390
262 5 0.000000
262 6 0.000000
262 7 0.000000
261 0 -0.078125
261 1 -0.069047
261 2 -0.069495
261 3 -0.139131
261 4 0.352227
261 5 0.000000
261 6 0.000000
261 7 0.000000
260 0 -0.078125
260 1 -0.067798
260 2 -0.069425
260 3 -0.142903
260 4 0.328065
260 5 0.000000
260 6 0.000000
260 7 0.000000
259 0 -0.078125
259 1 -0.066550
259 2 -0.069355
259 3 -0.146675
259 4 0.303903
259 5 0.000000
259 6 0.000000
259 7 0.000000
258 0 -0.078125
258 1 -0.065301
258 2 -0.069285
258 3 -0.150448
258 4 0.279741
258 5 0.000000
258 6 0.000000
258 7 0.000000
257 0 -0.078125
257 1 -0.064053
257 2 -0.069215
257 3 -0.154220
257 4 0.255579
257 5 0.000000
257 6 0.000000
257 7 0.000000
256 0 -0.078125
256 1 -0.062804
256 2 -0.069145
256 3 -0.157993
256 4 0.231417
256 5 0.000000
256 6 0.000000
256 7 0.000000
255 0 -0.444072
255 1 -0.061392
255 2 -0.069087
255 3 -0.157549
255 4 0.201805
255 5 0.000000
255 6 0.000000
255 7 0.000000
254 0 -0.810020
254 1 -0.059980
254 2 -0.069029
254 3 -0.157106
254 4 0.172193
254 5 0.000000
254 6 0.000000
254 7 0.000000
253 0 -1.175967
253 1 -0.058567
253 2 -0.068971
253 3 -0.156663
253 4 0.142582
253 5 0.000000
253 6 0.000000
253 7 0.000000
252 0 -1.541914
252 1 -0.057155
252 2 -0.068914
252 3 -0.156220
252 4 0.112970
252 5 0.000000
252 6 0.000000
252 7 0.000000
251 0 -1.907861
251 1 -0.055742
251 2 -0.068856
251 3 -0.155777
251 4 0.083358
251 5 0.000000
251 6 0.000000
251 7 0.000000
250 0 -2.273809
250 1 -0.054330
250 2 -0.068798
250 3 -0.155334
250 4 0.053747
250 5 0.000000
250 6 0.000000
250 7 0.000000
249 0 -2.639756
249 1 -0.052917
249 2 -0.068740
249 3 -0.154891
249 4 0.024135
249 5 0.000000
249 6 0.000000
249 7 0.000000
248 0 -3.005703
248 1 -0.051505
248 2 -0.068682
248 3 -0.154447
248 4 -0.005477
248 5 0.000000
248 6 0.000000
248 7 0.000000
247 0 -3.346708
247 1 -0.050000
247 2 -0.068638
247 3 -0.147202
247 4 -0.024384
247 5 0.000000
247 6 0.000000
247 7 0.000000
246 0 -3.687713
246 1 -0.048495
246 2 -0.068593
246 3 -0.139956
246 4 -0.043292
246 5 0.000000
246 6 0.000000
246 7 0.000000
245 0 -4.028717
245 1 -0.046990
245 2 -0.068549
245 3 -0.132711
245 4 -0.062200
245 5 0.000000
245 6 0.000000
245 7 0.000000
244 0 -4.369722
244 1 -0.045485
244 2 -0.068505
244 3 -0.125465
244 4 -0.081108
244 5 0.000000
244 6 0.000000
244 7 0.000000
243 0 -4.710727
243 1 -0.043981
243 2 -0.068460
243 3 -0.118219
243 4 -0.100015
243 5 0.000000
243 6 0.000000
243 7 0.000000
242 0 -5.051731
242 1 -0.042476
242 2 -0.068416
242 3 -0.110974
242 4 -0.118923
242 5 0.000000
242 6 0.000000
242 7 0.000000
241 0 -5.392736
241 1 -0.040971
241 2 -0.068372
241 3 -0.103728
241 4 -0.137831
241 5 0.000000
241 6 0.000000
241 7 0.000000
240 0 -5.733741
240 1 -0.039466
240 2 -0.068327
240 3 -0.096483
240 4 -0.156739
240 5 0.000000
240 6 0.000000
240 7 0.000000
239 0 -5.703657
239 1 -0.037944
239 2 -0.068298
239 3 -0.080560
239 4 -0.152756
239 5 0.000000
239 6 0.000000
239 7 0.000000
238 0 -5.673573
238 1 -0.036422
238 2 -0.068268
238 3 -0.064637
238 4 -0.148773
238 5 0.000000
238 6 0.000000
238 7 0.000000
237 0 -5.643490
237 1 -0.034901
237 2 -0.068239
237 3 -0.048714
237 4 -0.144790
237 5 0.000000
237 6 0.000000
237 7 0.000000
236 0 -5.613406
236 1 -0.033379
236 2 -0.068209
236 3 -0.032791
236 4 -0.140808
236 5 0.000000
236 6 0.000000
236 7 0.000000
235 0 -5.583322
235 1 -0.031857
235 2 -0.068180
235 3 -0.016868
235 4 -0.136825
235 5 0.000000
235 6 0.000000
235 7 0.000000
234 0 -5.553239
234 1 -0.030336
234 2 -0.068150
234 3 -0.000945
234 4 -0.132842
234 5 0.000000
234 6 0.000000
234 7 0.000000
233 0 -5.523155
233 1 -0.028814
233 2 -0.068120
233 3 0.014978
233 4 -0.128859
233 5 0.000000
233 6 0.000000
233 7 0.000000
232 0 -5.493072
232 1 -0.027292
232 2 -0.068091
232 3 0.030901
232 4 -0.124876
232 5 0.000000
232 6 0.000000
232 7 0.000000
231 0 -5.456985
231 1 -0.025831
231 2 -0.068077
231 3 0.049474
231 4 -0.103252
231 5 0.000000
231 6 0.000000
231 7 0.000000
230 0 -5.420899
230 1 -0.024369
230 2 -0.068063
230 3 0.068046
230 4 -0.081627
230 5 0.000000
230 6 0.000000
230 7 0.000000
229 0 -5.384812
229 1 -0.022908
229 2 -0.068049
229 3 0.086618
229 4 -0.060003
229 5 0.000000
229 6 0.000000
229 7 0.000000
228 0 -5.348726
228 1 -0.021446
228 2 -0.068034
228 3 0.105191
228 4 -0.038378
228 5 0.000000
228 6 0.000000
228 7 0.000000
227 0 -5.312639
227 1 -0.019985
227 2 -0.068020
227 3 0.123763
227 4 -0.016754
227 5 0.000000
227 6 0.000000
227 7 0.000000
226 0 -5.276553
226 1 -0.018524
226 2 -0.068006
226 3 0.142336
226 4 0.004871
226 5 0.000000
226 6 0.000000
226 7 0.000000
225 0 -5.240466
225 1 -0.017062
225 2 -0.067992
225 3 0.160908
225 4 0.026495
225 5 0.000000
225 6 0.000000
225 7 0.000000
224 0 -5.204380
224 1 -0.015601
224 2 -0.067978
224 3 0.179480
224 4 0.048120
224 5 0.000000
224 6 0.000000
224 7 0.000000
223 0 -5.176623
223 1 -0.014275
223 2 -0.067980
223 3 0.183541
223 4 0.072318
223 5 0.000000
223 6 0.000000
223 7 0.000000
222 0 -5.148865
222 1 -0.012950
222 2 -0.067981
222 3 0.187602
222 4 0.096517
222 5 0.000000
222 6 0.000000
222 7 0.000000
221 0 -5.121108
221 1 -0.011625
221 2 -0.067983
221 3 0.191663
221 4 0.120716
221 5 0.000000
221 6 0.000000
221 7 0.000000
220 0 -5.093351
220 1 -0.010300
220 2 -0.067985
220 3 0.195724
220 4 0.144914
220 5 0.000000
220 6 0.000000
220 7 0.000000
219 0 -5.065594
219 1 -0.008974
219 2 -0.067986
219 3 0.199785
219 4 0.169113
219 5 0.000000
219 6 0.000000
219 7 0.000000
218 0 -5.037837
218 1 -0.007649
218 2 -0.067988
218 3 0.203845
218 4 0.193312
218 5 0.000000
218 6 0.000000
218 7 0.000000
217 0 -5.010080
217 1 -0.006324
217 2 -0.067989
217 3 0.207906
217 4 0.217510
217 5 0.000000
217 6 0.000000
217 7 0.000000
216 0 -4.982322
216 1 -0.004999
216 2 -0.067991
216 3 0.211967
216 4 0.241709
216 5 0.000000
216 6 0.000000
216 7 0.000000
215 0 -4.955183
215 1 -0.003882
215 2 -0.068008
215 3 0.205396
215 4 0.262405
215 5 0.000000
215 6 0.000000
215 7 0.000000
214 0 -4.928044
214 1 -0.002765
214 2 -0.068025
214 3 0.198826
214 4 0.283101
214 5 0.000000
214 6 0.000000
214 7 0.000000
213 0 -4.900904
213 1 -0.001648
213 2 -0.068042
213 3 0.192255
213 4 0.303797
213 5 0.000000
213 6 0.000000
213 7 0.000000
212 0 -4.873765
212 1 -0.000531
212 2 -0.068060
212 3 0.185684
212 4 0.324493
212 5 0.000000
212 6 0.000000
212 7 0.000000
211 0 -4.846625
211 1 0.000585
211 2 -0.068077
211 3 0.179114
211 4 0.345189
211 5 0.000000
211 6 0.000000
211 7 0.000000
210 0 -4.819486
210 1 0.001702
210 2 -0.068094
210 3 0.172543
210 4 0.365885
210 5 0.000000
210 6 0.000000
210 7 0.000000
209 0 -4.792346
209 1 0.002819
209 2 -0.068111
209 3 0.165972
209 4 0.386580
209 5 0.000000
209 6 0.000000
209 7 0.000000
208 0 -4.765207
208 1 0.003936
208 2 -0.068128
208 3 0.159402
208 4 0.407276
208 5 0.000000
208 6 0.000000
208 7 0.000000
207 0 -4.735839
207 1 0.004778
207 2 -0.068160
207 3 0.162656
207 4 0.425146
207 5 0.000000
207 6 0.000000
207 7 0.000000
206 0 -4.706472
206 1 0.005619
206 2 -0.068192
206 3 0.165911
206 4 0.443015
206 5 0.000000
206 6 0.000000
206 7 0.000000
205 0 -4.677105
205 1 0.006461
205 2 -0.068224
205 3 0.169165
205 4 0.460885
205 5 0.000000
205 6 0.000000
205 7 0.000000
204 0 -4.647737
204 1 0.007303
204 2 -0.068256
204 3 0.172420
204 4 0.478754
204 5 0.000000
204 6 0.000000
204 7 0.000000
203 0 -4.618370
203 1 0.008145
203 2 -0.068287
203 3 0.175674
203 4 0.496624
203 5 0.000000
203 6 0.000000
203 7 0.000000
202 0 -4.589002
202 1 0.008986
202 2 -0.068319
202 3 0.178928
202 4 0.514494
202 5 0.000000
202 6 0.000000
202 7 0.000000
201 0 -4.559635
201 1 0.009828
201 2 -0.068351
201 3 0.182183
201 4 0.532363
201 5 0.000000
201 6 0.000000
201 7 0.000000
200 0 -4.530268
200 1 0.010670
200 2 -0.068383
200 3 0.185437
200 4 0.550233
200 5 0.000000
200 6 0.000000
200 7 0.000000
199 0 -4.500890
199 1 0.011178
199 2 -0.068428
199 3 0.200735
199 4 0.556492
199 5 0.000000
199 6 0.000000
199 7 0.000000
198 0 -4.471512
198 1 0.011686
198 2 -0.068473
198 3 0.216032
198 4 0.562752
198 5 0.000000
198 6 0.000000
198 7 0.000000
197 0 -4.442134
197 1 0.012194
197 2 -0.068518
197 3 0.231329
197 4 0.569012
197 5 0.000000
197 6 0.000000
197 7 0.000000
196 0 -4.412756
196 1 0.012701
196 2 -0.068563
196 3 0.246626
196 4 0.575271
196 5 0.000000
196 6 0.000000
196 7 0.000000
195 0 -4.383378
195 1 0.013209
195 2 -0.068608
195 3 0.261923
195 4 0.581531
195 5 0.000000
195 6 0.000000
195 7 0.000000
194 0 -4.354000
194 1 0.013717
194 2 -0.068654
194 3 0.277220
194 4 0.587791
194 5 0.000000
194 6 0.000000
194 7 0.000000
193 0 -4.324622
193 1 0.014225
193 2 -0.068699
193 3 0.292518
193 4 0.594051
193 5 0.000000
193 6 0.000000
193 7 0.000000
192 0 -4.295244
192 1 0.014733
192 2 -0.068744
192 3 0.307815
192 4 0.600310
192 5 0.000000
192 6 0.000000
192 7 0.000000
191 0 -4.263960
191 1 0.014857
191 2 -0.068800
191 3 0.323710
191 4 0.592567
191 5 0.000000
191 6 0.000000
191 7 0.000000
190 0 -4.232676
190 1 0.014981
190 2 -0.068857
190 3 0.339605
190 4 0.584823
190 5 0.000000
190 6 0.000000
190 7 0.000000
189 0 -4.201393
189 1 0.015105
189 2 -0.068913
189 3 0.355500
189 4 0.577080
189 5 0.000000
189 6 0.000000
189 7 0.000000
188 0 -4.170109
188 1 0.015229
188 2 -0.068969
188 3 0.371395
188 4 0.569336
188 5 0.000000
188 6 0.000000
188 7 0.000000
187 0 -4.138825
187 1 0.015354
187 2 -0.069025
187 3 0.387289
187 4 0.561593
187 5 0.000000
187 6 0.000000
187 7 0.000000
186 0 -4.107541
186 1 0.015478
186 2 -0.069082
186 3 0.403184
186 4 0.553849
186 5 0.000000
186 6 0.000000
186 7 0.000000
185 0 -4.076257
185 1 0.015602
185 2 -0.069138
185 3 0.419079
185 4 0.546106
185 5 0.000000
185 6 0.000000
185 7 0.000000
184 0 -4.044973
184 1 0.015726
184 2 -0.069194
184 3 0.434974
184 4 0.538362
184 5 0.000000
184 6 0.000000
184 7 0.000000
183 0 -4.008667
183 1 0.015428
183 2 -0.069259
183 3 0.440370
183 4 0.525210
183 5 0.000000
183 6 0.000000
183 7 0.000000
182 0 -3.972360
182 1 0.015130
182 2 -0.069324
182 3 0.445765
182 4 0.512057
182 5 0.000000
182 6 0.000000
182 7 0.000000
181 0 -3.936054
181 1 0.014831
181 2 -0.069389
181 3 0.451160
181 4 0.498904
181 5 0.000000
181 6 0.000000
181 7 0.000000
180 0 -3.899747
180 1 0.014533
180 2 -0.069454
180 3 0.456555
180 4 0.485752
180 5 0.000000
180 6 0.000000
180 7 0.000000
179 0 -3.863440
179 1 0.014234
179 2 -0.069518
179 3 0.461951
179 4 0.472599
179 5 0.000000
179 6 0.000000
179 7 0.000000
178 0 -3.827134
178 1 0.013936
178 2 -0.069583
178 3 0.467346
178 4 0.459446
178 5 0.000000
178 6 0.000000
178 7 0.000000
177 0 -3.790827
177 1 0.013638
177 2 -0.069648
177 3 0.472741
177 4 0.446294
177 5 0.000000
177 6 0.000000
177 7 0.000000
176 0 -3.754521
176 1 0.013339
176 2 -0.069713
176 3 0.478136
176 4 0.433141
176 5 0.000000
176 6 0.000000
176 7 0.000000
175 0 -3.724002
175 1 0.012591
175 2 -0.069782
175 3 0.464432
175 4 0.416807
175 5 0.000000
175 6 0.000000
175 7 0.000000
174 0 -3.693484
174 1 0.011843
174 2 -0.069852
174 3 0.450727
174 4 0.400472
174 5 0.000000
174 6 0.000000
174 7 0.000000
173 0 -3.662965
173 1 0.011095
173 2 -0.069922
173 3 0.437023
173 4 0.384138
173 5 0.000000
173 6 0.000000
173 7 0.000000
172 0 -3.632447
172 1 0.010347
172 2 -0.069991
172 3 0.423318
172 4 0.367803
172 5 0.000000
172 6 0.000000
172 7 0.000000
171 0 -3.601928
171 1 0.009599
171 2 -0.070061
171 3 0.409613
171 4 0.351469
171 5 0.000000
171 6 0.000000
171 7 0.000000
170 0 -3.571410
170 1 0.008851
170 2 -0.070131
170 3 0.395909
170 4 0.335135
170 5 0.000000
170 6 0.000000
170 7 0.000000
169 0 -3.540891
169 1 0.008103
169 2 -0.070200
169 3 0.382204
169 4 0.318800
169 5 0.000000
169 6 0.000000
169 7 0.000000
168 0 -3.510373
168 1 0.007355
168 2 -0.070270
168 3 0.368500
168 4 0.302466
168 5 0.000000
168 6 0.000000
168 7 0.000000
167 0 -3.481480
167 1 0.006143
167 2 -0.070341
167 3 0.342334
167 4 0.278306
167 5 0.000000
167 6 0.000000
167 7 0.000000
166 0 -3.452588
166 1 0.004931
166 2 -0.070412
166 3 0.316168
166 4 0.254147
166 5 0.000000
166 6 0.000000
166 7 0.000000
165 0 -3.423695
165 1 0.003719
165 2 -0.070483
165 3 0.290003
165 4 0.229987
165 5 0.000000
165 6 0.000000
165 7 0.000000
164 0 -3.394803
164 1 0.002507
164 2 -0.070554
164 3 0.263837
164 4 0.205827
164 5 0.000000
164 6 0.000000
164 7 0.000000
163 0 -3.365911
163 1 0.001295
163 2 -0.070625
163 3 0.237671
163 4 0.181667
163 5 0.000000
163 6 0.000000
163 7 0.000000
162 0 -3.337018
162 1 0.000082
162 2 -0.070696
162 3 0.211505
162 4 0.157508
162 5 0.000000
162 6 0.000000
162 7 0.000000
161 0 -3.308126
161 1 -0.001130
161 2 -0.070768
161 3 0.185340
161 4 0.133348
161 5 0.000000
161 6 0.000000
161 7 0.000000
160 0 -3.279233
160 1 -0.002342
160 2 -0.070839
160 3 0.159174
160 4 0.109188
160 5 0.000000
160 6 0.000000
160 7 0.000000
159 0 -3.247789
159 1 -0.004019
159 2 -0.070912
159 3 0.135798
159 4 0.079831
159 5 0.000000
159 6 0.000000
159 7 0.000000
158 0 -3.216345
158 1 -0.005696
158 2 -0.070986
158 3 0.112422
158 4 0.050473
158 5 0.000000
158 6 0.000000
158 7 0.000000
157 0 -3.184901
157 1 -0.007372
157 2 -0.071059
157 3 0.089046
157 4 0.021115
157 5 0.000000
157 6 0.000000
157 7 0.000000
156 0 -3.153457
156 1 -0.009049
156 2 -0.071133
156 3 0.065670
156 4 -0.008242
156 5 0.000000
156 6 0.000000
156 7 0.000000
155 0 -3.122013
155 1 -0.010726
155 2 -0.071206
155 3 0.042294
155 4 -0.037600
155 5 0.000000
155 6 0.000000
155 7 0.000000
154 0 -3.090569
154 1 -0.012403
154 2 -0.071280
154 3 0.018918
154 4 -0.066957
154 5 0.000000
154 6 0.000000
154 7 0.000000
153 0 -3.059125
153 1 -0.014080
153 2 -0.071353
153 3 -0.004458
153 4 -0.096315
153 5 0.000000
153 6 0.000000
153 7 0.000000
152 0 -3.027681
152 1 -0.015757
152 2 -0.071427
152 3 -0.027834
152 4 -0.125673
152 5 0.000000
152 6 0.000000
152 7 0.000000
151 0 -3.017188
151 1 -0.017886
151 2 -0.071505
151 3 -0.031134
151 4 -0.145623
151 5 0.000000
151 6 0.000000
151 7 0.000000
150 0 -3.006695
150 1 -0.020015
150 2 -0.071584
150 3 -0.034433
150 4 -0.165574
150 5 0.000000
150 6 0.000000
150 7 0.000000
149 0 -2.996203
149 1 -0.022143
149 2 -0.071662
149 3 -0.037733
149 4 -0.185524
149 5 0.000000
149 6 0.000000
149 7 0.000000
148 0 -2.985710
148 1 -0.024272
148 2 -0.071740
148 3 -0.041032
148 4 -0.205475
148 5 0.000000
148 6 0.000000
148 7 0.000000
147 0 -2.975217
147 1 -0.026401
147 2 -0.071818
147 3 -0.044332
147 4 -0.225425
147 5 0.000000
147 6 0.000000
147 7 0.000000
146 0 -2.964724
146 1 -0.028530
146 2 -0.071897
146 3 -0.047631
146 4 -0.245376
146 5 0.000000
146 6 0.000000
146 7 0.000000
145 0 -2.954231
145 1 -0.030659
145 2 -0.071975
145 3 -0.050930
145 4 -0.265326
145 5 0.000000
145 6 0.000000
145 7 0.000000
144 0 -2.943738
144 1 -0.032787
144 2 -0.072053
144 3 -0.054230
144 4 -0.285277
144 5 0.000000
144 6 0.000000
144 7 0.000000
143 0 -2.914675
143 1 -0.035341
143 2 -0.072137
143 3 -0.037046
143 4 -0.285866
143 5 0.000000
143 6 0.000000
143 7 0.000000
142 0 -2.885612
142 1 -0.037894
142 2 -0.072221
142 3 -0.019862
142 4 -0.286455
142 5 0.000000
142 6 0.000000
142 7 0.000000
141 0 -2.856549
141 1 -0.040448
141 2 -0.072305
141 3 -0.002678
141 4 -0.287044
141 5 0.000000
141 6 0.000000
141 7 0.000000
140 0 -2.827486
140 1 -0.043001
140 2 -0.072389
140 3 0.014507
140 4 -0.287633
140 5 0.000000
140 6 0.000000
140 7 0.000000
139 0 -2.798423
139 1 -0.045555
139 2 -0.072474
139 3 0.031691
139 4 -0.288221
139 5 0.000000
139 6 0.000000
139 7 0.000000
138 0 -2.769360
138 1 -0.048108
138 2 -0.072558
138 3 0.048875
138 4 -0.288810
138 5 0.000000
138 6 0.000000
138 7 0.000000
137 0 -2.740297
137 1 -0.050662
137 2 -0.072642
137 3 0.066059
137 4 -0.289399
137 5 0.000000
137 6 0.000000
137 7 0.000000
136 0 -2.711234
136 1 -0.053215
136 2 -0.072726
136 3 0.083243
136 4 -0.289988
136 5 0.000000
136 6 0.000000
136 7 0.000000
135 0 -2.671233
135 1 -0.056152
135 2 -0.072816
135 3 0.101728
135 4 -0.278839
135 5 0.000000
135 6 0.000000
135 7 0.000000
134 0 -2.631232
134 1 -0.059089
134 2 -0.072905
134 3 0.120213
134 4 -0.267691
134 5 0.000000
134 6 0.000000
134 7 0.000000
133 0 -2.591230
133 1 -0.062026
133 2 -0.072995
133 3 0.138698
133 4 -0.256542
133 5 0.000000
133 6 0.000000
133 7 0.000000
132 0 -2.551229
132 1 -0.064963
132 2 -0.073085
132 3 0.157183
132 4 -0.245393
132 5 0.000000
132 6 0.000000
132 7 0.000000
131 0 -2.511228
131 1 -0.067900
131 2 -0.073175
131 3 0.175669
131 4 -0.234244
131 5 0.000000
131 6 0.000000
131 7 0.000000
130 0 -2.471227
130 1 -0.070837
130 2 -0.073265
130 3 0.194154
130 4 -0.223095
130 5 0.000000
130 6 0.000000
130 7 0.000000
129 0 -2.431226
129 1 -0.073774
129 2 -0.073355
129 3 0.212639
129 4 -0.211947
129 5 0.000000
129 6 0.000000
129 7 0.000000
128 0 -2.391225
128 1 -0.076711
128 2 -0.073445
128 3 0.231124
128 4 -0.200798
128 5 0.000000
128 6 0.000000
128 7 0.000000
127 0 -2.339855
127 1 -0.079977
127 2 -0.073539
127 3 0.236421
127 4 -0.187495
127 5 0.000000
127 6 0.000000
127 7 0.000000
126 0 -2.288485
126 1 -0.083243
126 2 -0.073634
126 3 0.241718
126 4 -0.174193
126 5 0.000000
126 6 0.000000
126 7 0.000000
125 0 -2.237115
125 1 -0.086508
125 2 -0.073729
125 3 0.247015
125 4 -0.160890
125 5 0.000000
125 6 0.000000
125 7 0.000000
124 0 -2.185745
124 1 -0.089774
124 2 -0.073824
124 3 0.252313
124 4 -0.147587
124 5 0.000000
124 6 0.000000
124 7 0.000000
123 0 -2.134375
123 1 -0.093040
123 2 -0.073919
123 3 0.257610
123 4 -0.134285
123 5 0.000000
123 6 0.000000
123 7 0.000000
122 0 -2.083005
122 1 -0.096305
122 2 -0.074014
122 3 0.262907
122 4 -0.120982
122 5 0.000000
122 6 0.000000
122 7 0.000000
121 0 -2.031636
121 1 -0.099571
121 2 -0.074109
121 3 0.268204
121 4 -0.107680
121 5 0.000000
121 6 0.000000
121 7 0.000000
120 0 -1.980266
120 1 -0.102837
120 2 -0.074204
120 3 0.273501
120 4 -0.094377
120 5 0.000000
120 6 0.000000
120 7 0.000000
119 0 -1.948398
119 1 -0.106363
119 2 -0.074303
119 3 0.261472
119 4 -0.082541
119 5 0.000000
119 6 0.000000
119 7 0.000000
118 0 -1.916531
118 1 -0.109889
118 2 -0.074401
118 3 0.249444
118 4 -0.070705
118 5 0.000000
118 6 0.000000
118 7 0.000000
117 0 -1.884664
117 1 -0.113415
117 2 -0.074500
117 3 0.237415
117 4 -0.058869
117 5 0.000000
117 6 0.000000
117 7 0.000000
116 0 -1.852797
116 1 -0.116941
116 2 -0.074598
116 3 0.225386
116 4 -0.047034
116 5 0.000000
116 6 0.000000
116 7 0.000000
115 0 -1.820930
115 1 -0.120468
115 2 -0.074697
115 3 0.213357
115 4 -0.035198
115 5 0.000000
115 6 0.000000
115 7 0.000000
114 0 -1.789062
114 1 -0.123994
114 2 -0.074796
114 3 0.201328
114 4 -0.023362
114 5 0.000000
114 6 0.000000
114 7 0.000000
113 0 -1.757195
113 1 -0.127520
113 2 -0.074894
113 3 0.189299
113 4 -0.011526
113 5 0.000000
113 6 0.000000
113 7 0.000000
112 0 -1.725328
112 1 -0.131046
112 2 -0.074993
112 3 0.177270
112 4 0.000310
112 5 0.000000
112 6 0.000000
112 7 0.000000
111 0 -1.689458
111 1 -0.134752
111 2 -0.075093
111 3 0.160973
111 4 0.004933
111 5 0.000000
111 6 0.000000
111 7 0.000000
110 0 -1.653588
110 1 -0.138458
110 2 -0.075194
110 3 0.144675
110 4 0.009557
110 5 0.000000
110 6 0.000000
110 7 0.000000
109 0 -1.617718
109 1 -0.142165
109 2 -0.075294
109 3 0.128377
109 4 0.014181
109 5 0.000000
109 6 0.000000
109 7 0.000000
108 0 -1.581849
108 1 -0.145871
108 2 -0.075395
108 3 0.112079
108 4 0.018805
108 5 0.000000
108 6 0.000000
108 7 0.000000
107 0 -1.545979
107 1 -0.149577
107 2 -0.075495
107 3 0.095781
107 4 0.023429
107 5 0.000000
107 6 0.000000
107 7 0.000000
106 0 -1.510109
106 1 -0.153283
106 2 -0.075596
106 3 0.079483
106 4 0.028053
106 5 0.000000
106 6 0.000000
106 7 0.000000
105 0 -1.474239
105 1 -0.156989
105 2 -0.075696
105 3 0.063185
105 4 0.032677
105 5 0.000000
105 6 0.000000
105 7 0.000000
104 0 -1.438369
104 1 -0.160695
104 2 -0.075797
104 3 0.046887
104 4 0.037301
104 5 0.000000
104 6 0.000000
104 7 0.000000
103 0 -1.408327
103 1 -0.164489
103 2 -0.075897
103 3 0.040547
103 4 0.031337
103 5 0.000000
103 6 0.000000
103 7 0.000000
102 0 -1.378285
102 1 -0.168283
102 2 -0.075997
102 3 0.034207
102 4 0.025374
102 5 0.000000
102 6 0.000000
102 7 0.000000
101 0 -1.348243
101 1 -0.172078
101 2 -0.076098
101 3 0.027866
101 4 0.019410
101 5 0.000000
101 6 0.000000
101 7 0.000000
100 0 -1.318201
100 1 -0.175872
100 2 -0.076198
100 3 0.021526
100 4 0.013446
100 5 0.000000
100 6 0.000000
100 7 0.000000
99 0 -1.288158
99 1 -0.179666
99 2 -0.076298
99 3 0.015185
99 4 0.007483
99 5 0.000000
99 6 0.000000
99 7 0.000000
98 0 -1.258116
98 1 -0.183460
98 2 -0.076399
98 3 0.008845
98 4 0.001519
98 5 0.000000
98 6 0.000000
98 7 0.000000
97 0 -1.228074
97 1 -0.187254
97 2 -0.076499
97 3 0.002504
97 4 -0.004445
97 5 0.000000
97 6 0.000000
97 7 0.000000
96 0 -1.198032
96 1 -0.191048
96 2 -0.076599
96 3 -0.003836
96 4 -0.010408
96 5 0.000000
96 6 0.000000
96 7 0.000000
95 0 -1.165948
95 1 -0.194828
95 2 -0.076697
95 3 -0.000731
95 4 -0.017677
95 5 0.000000
95 6 0.000000
95 7 0.000000
94 0 -1.133865
94 1 -0.198608
94 2 -0.076795
94 3 0.002373
94 4 -0.024946
94 5 0.000000
94 6 0.000000
94 7 0.000000
93 0 -1.101781
93 1 -0.202388
93 2 -0.076893
93 3 0.005478
93 4 -0.032215
93 5 0.000000
93 6 0.000000
93 7 0.000000
92 0 -1.069698
92 1 -0.206168
92 2 -0.076991
92 3 0.008583
92 4 -0.039484
92 5 0.000000
92 6 0.000000
92 7 0.000000
91 0 -1.037614
91 1 -0.209948
91 2 -0.077088
91 3 0.011688
91 4 -0.046753
91 5 0.000000
91 6 0.000000
91 7 0.000000
90 0 -1.005530
90 1 -0.213728
90 2 -0.077186
90 3 0.014792
90 4 -0.054022
90 5 0.000000
90 6 0.000000
90 7 0.000000
89 0 -0.973447
89 1 -0.217508
89 2 -0.077284
89 3 0.017897
89 4 -0.061291
89 5 0.000000
89 6 0.000000
89 7 0.000000
88 0 -0.941363
88 1 -0.221288
88 2 -0.077382
88 3 0.021002
88 4 -0.068560
88 5 0.000000
88 6 0.000000
88 7 0.000000
87 0 -0.918061
87 1 -0.224943
87 2 -0.077475
87 3 0.014746
87 4 -0.066854
87 5 0.000000
87 6 0.000000
87 7 0.000000
86 0 -0.894758
86 1 -0.228599
86 2 -0.077568
86 3 0.008489
86 4 -0.065148
86 5 0.000000
86 6 0.000000
86 7 0.000000
85 0 -0.871456
85 1 -0.232254
85 2 -0.077661
85 3 0.002233
85 4 -0.063442
85 5 0.000000
85 6 0.000000
85 7 0.000000
84 0 -0.848153
84 1 -0.235909
84 2 -0.077754
84 3 -0.004024
84 4 -0.061736
84 5 0.000000
84 6 0.000000
84 7 0.000000
83 0 -0.824851
83 1 -0.239564
83 2 -0.077848
83 3 -0.010280
83 4 -0.060029
83 5 0.000000
83 6 0.000000
83 7 0.000000
82 0 -0.801549
82 1 -0.243219
82 2 -0.077941
82 3 -0.016536
82 4 -0.058323
82 5 0.000000
82 6 0.000000
82 7 0.000000
81 0 -0.778246
81 1 -0.246874
81 2 -0.078034
81 3 -0.022793
81 4 -0.056617
81 5 0.000000
81 6 0.000000
81 7 0.000000
80 0 -0.754944
80 1 -0.250530
80 2 -0.078127
80 3 -0.029049
80 4 -0.054911
80 5 0.000000
80 6 0.000000
80 7 0.000000
79 0 -0.721948
79 1 -0.253942
79 2 -0.078213
79 3 -0.051322
79 4 -0.033285
79 5 0.000000
79 6 0.000000
79 7 0.000000
78 0 -0.688952
78 1 -0.257355
78 2 -0.078299
78 3 -0.073594
78 4 -0.011659
78 5 0.000000
78 6 0.000000
78 7 0.000000
77 0 -0.655956
77 1 -0.260768
77 2 -0.078386
77 3 -0.095867
77 4 0.009967
77 5 0.000000
77 6 0.000000
77 7 0.000000
76 0 -0.622960
76 1 -0.264180
76 2 -0.078472
76 3 -0.118140
76 4 0.031593
76 5 0.000000
76 6 0.000000
76 7 0.000000
75 0 -0.589965
75 1 -0.267593
75 2 -0.078558
75 3 -0.140412
75 4 0.053219
75 5 0.000000
75 6 0.000000
75 7 0.000000
74 0 -0.556969
74 1 -0.271006
74 2 -0.078644
74 3 -0.162685
74 4 0.074845
74 5 0.000000
74 6 0.000000
74 7 0.000000
73 0 -0.523973
73 1 -0.274418
73 2 -0.078730
73 3 -0.184957
73 4 0.096472
73 5 0.000000
73 6 0.000000
73 7 0.000000
72 0 -0.490977
72 1 -0.277831
72 2 -0.078817
72 3 -0.207230
72 4 0.118098
72 5 0.000000
72 6 0.000000
72 7 0.000000
71 0 -0.458471
71 1 -0.280926
71 2 -0.078894
71 3 -0.231214
71 4 0.153761
71 5 0.000000
71 6 0.000000
71 7 0.000000
70 0 -0.425965
70 1 -0.284020
70 2 -0.078971
70 3 -0.255198
70 4 0.189424
70 5 0.000000
70 6 0.000000
70 7 0.000000
69 0 -0.393459
69 1 -0.287115
69 2 -0.079049
69 3 -0.279181
69 4 0.225086
69 5 0.000000
69 6 0.000000
69 7 0.000000
68 0 -0.360953
68 1 -0.290210
68 2 -0.079126
68 3 -0.303165
68 4 0.260749
68 5 0.000000
68 6 0.000000
68 7 0.000000
67 0 -0.328447
67 1 -0.293304
67 2 -0.079203
67 3 -0.327149
67 4 0.296412
67 5 0.000000
67 6 0.000000
67 7 0.000000
66 0 -0.295941
66 1 -0.296399
66 2 -0.079280
66 3 -0.351132
66 4 0.332075
66 5 0.000000
66 6 0.000000
66 7 0.000000
65 0 -0.263435
65 1 -0.299494
65 2 -0.079358
65 3 -0.375116
65 4 0.367738
65 5 0.000000
65 6 0.000000
65 7 0.000000
64 0 -0.230929
64 1 -0.302588
64 2 -0.079435
64 3 -0.399100
64 4 0.403401
64 5 0.000000
64 6 0.000000
64 7 0.000000
63 0 -0.201387
63 1 -0.305470
63 2 -0.079502
63 3 -0.409539
63 4 0.431318
63 5 0.000000
63 6 0.000000
63 7 0.000000
62 0 -0.171846
62 1 -0.308352
62 2 -0.079568
62 3 -0.419979
62 4 0.459236
62 5 0.000000
62 6 0.000000
62 7 0.000000
61 0 -0.142304
61 1 -0.311234
61 2 -0.079635
61 3 -0.430418
61 4 0.487153
61 5 0.000000
61 6 0.000000
61 7 0.000000
60 0 -0.112763
60 1 -0.314116
60 2 -0.079702
60 3 -0.440857
60 4 0.515070
60 5 0.000000
60 6 0.000000
60 7 0.000000
59 0 -0.083221
59 1 -0.316998
59 2 -0.079768
59 3 -0.451297
59 4 0.542987
59 5 0.000000
59 6 0.000000
59 7 0.000000
58 0 -0.053680
58 1 -0.319880
58 2 -0.079835
58 3 -0.461736
58 4 0.570905
58 5 0.000000
58 6 0.000000
58 7 0.000000
57 0 -0.024138
57 1 -0.322762
57 2 -0.079902
57 3 -0.472176
57 4 0.598822
57 5 0.000000
57 6 0.000000
57 7 0.000000
56 0 0.005403
56 1 -0.325644
56 2 -0.079968
56 3 -0.482615
56 4 0.626739
56 5 0.000000
56 6 0.000000
56 7 0.000000
55 0 0.034273
55 1 -0.328399
55 2 -0.080023
55 3 -0.475975
55 4 0.620438
55 5 -0.017803
55 6 0.050608
55 7 -0.035990
54 0 0.063144
54 1 -0.331154
54 2 -0.080078
54 3 -0.469335
54 4 0.614138
54 5 -0.035606
54 6 0.101217
54 7 -0.071981
53 0 0.092014
53 1 -0.333909
53 2 -0.080132
53 3 -0.462695
53 4 0.607837
53 5 -0.053409
53 6 0.151825
53 7 -0.107971
52 0 0.120884
52 1 -0.336664
52 2 -0.080187
52 3 -0.456054
52 4 0.601537
52 5 -0.071212
52 6 0.202433
52 7 -0.143962
51 0 0.149754
51 1 -0.339418
51 2 -0.080241
51 3 -0.449414
51 4 0.595236
51 5 -0.089015
51 6 0.253041
51 7 -0.179952
50 0 0.178625
50 1 -0.342173
50 2 -0.080296
50 3 -0.442774
50 4 0.588935
50 5 -0.106818
50 6 0.303650
50 7 -0.215942
49 0 0.207495
49 1 -0.344928
49 2 -0.080350
49 3 -0.436134
49 4 0.582635
49 5 -0.124621
49 6 0.354258
49 7 -0.251933
48 0 0.236365
48 1 -0.347683
48 2 -0.080405
48 3 -0.429494
48 4 0.576334
48 5 -0.142424
48 6 0.404866
48 7 -0.287923
47 0 0.359202
47 1 -0.350106
47 2 -0.080447
47 3 -0.413711
47 4 0.538970
47 5 -0.142158
47 6 0.369932
47 7 -0.249255
46 0 0.482040
46 1 -0.352529
46 2 -0.080488
46 3 -0.397929
46 4 0.501606
46 5 -0.141892
46 6 0.334999
46 7 -0.210587
45 0 0.604877
45 1 -0.354952
45 2 -0.080529
45 3 -0.382146
45 4 0.464242
45 5 -0.141627
45 6 0.300065
45 7 -0.171919
44 0 0.727714
44 1 -0.357375
44 2 -0.080571
44 3 -0.366364
44 4 0.426878
44 5 -0.141361
44 6 0.265132
44 7 -0.133251
43 0 0.850551
43 1 -0.359798
43 2 -0.080612
43 3 -0.350581
43 4 0.389514
43 5 -0.141095
43 6 0.230198
43 7 -0.094583
42 0 0.973389
42 1 -0.362221
42 2 -0.080654
42 3 -0.334799
42 4 0.352150
42 5 -0.140829
42 6 0.195264
42 7 -0.055915
41 0 1.096226
41 1 -0.364644
41 2 -0.080695
41 3 -0.319017
41 4 0.314786
41 5 -0.140564
41 6 0.160331
41 7 -0.017247
40 0 1.219063
40 1 -0.367067
40 2 -0.080737
40 3 -0.303234
40 4 0.277422
40 5 -0.140298
40 6 0.125397
40 7 0.021421
39 0 1.121664
39 1 -0.368955
39 2 -0.080764
39 3 -0.293663
39 4 0.236395
39 5 -0.139682
39 6 0.085132
39 7 0.044722
38 0 1.024264
38 1 -0.370843
38 2 -0.080792
38 3 -0.284091
38 4 0.195368
38 5 -0.139066
38 6 0.044867
38 7 0.068022
37 0 0.926864
37 1 -0.372731
37 2 -0.080820
37 3 -0.274520
37 4 0.154341
37 5 -0.138450
37 6 0.004602
37 7 0.091322
36 0 0.829464
36 1 -0.374619
36 2 -0.080848
36 3 -0.264949
36 4 0.113314
36 5 -0.137834
36 6 -0.035662
36 7 0.114623
35 0 0.732065
35 1 -0.376507
35 2 -0.080875
35 3 -0.255378
35 4 0.072287
35 5 -0.137218
35 6 -0.075927
35 7 0.137923
34 0 0.634665
34 1 -0.378395
34 2 -0.080903
34 3 -0.245806
34 4 0.031259
34 5 -0.136602
34 6 -0.116192
34 7 0.161223
33 0 0.537265
33 1 -0.380284
33 2 -0.080931
33 3 -0.236235
33 4 -0.009768
33 5 -0.135986
33 6 -0.156457
33 7 0.184524
32 0 0.439866
32 1 -0.382172
32 2 -0.080958
32 3 -0.226664
32 4 -0.050795
32 5 -0.135371
32 6 -0.196722
32 7 0.207824
31 0 0.411630
31 1 -0.383385
31 2 -0.080972
31 3 -0.238249
31 4 -0.070030
31 5 -0.134714
31 6 -0.233711
31 7 0.209881
30 0 0.383395
30 1 -0.384599
30 2 -0.080986
30 3 -0.249835
30 4 -0.089264
30 5 -0.134057
30 6 -0.270699
30 7 0.211939
29 0 0.355160
29 1 -0.385813
29 2 -0.080999
29 3 -0.261421
29 4 -0.108498
29 5 -0.133401
29 6 -0.307688
29 7 0.213996
28 0 0.326924
28 1 -0.387026
28 2 -0.081013
28 3 -0.273007
28 4 -0.127733
28 5 -0.132744
28 6 -0.344677
28 7 0.216053
27 0 0.298689
27 1 -0.388240
27 2 -0.081027
27 3 -0.284592
27 4 -0.146967
27 5 -0.132087
27 6 -0.381665
27 7 0.218111
26 0 0.270453
26 1 -0.389454
26 2 -0.081041
26 3 -0.296178
26 4 -0.166202
26 5 -0.131431
26 6 -0.418654
26 7 0.220168
25 0 0.242218
25 1 -0.390668
25 2 -0.081054
25 3 -0.307764
25 4 -0.185436
25 5 -0.130774
25 6 -0.455643
25 7 0.222225
24 0 0.213983
24 1 -0.391881
24 2 -0.081068
24 3 -0.319350
24 4 -0.204671
24 5 -0.130117
24 6 -0.492632
24 7 0.224282
23 0 0.214110
23 1 -0.392337
23 2 -0.081068
23 3 -0.345916
23 4 -0.194487
23 5 -0.129579
23 6 -0.510693
23 7 0.207755
22 0 0.214238
22 1 -0.392793
22 2 -0.081068
22 3 -0.372482
22 4 -0.184303
22 5 -0.129040
22 6 -0.528754
22 7 0.191228
21 0 0.214366
21 1 -0.393249
21 2 -0.081068
21 3 -0.399049
21 4 -0.174119
21 5 -0.128502
21 6 -0.546815
21 7 0.174700
20 0 0.214494
20 1 -0.393705
20 2 -0.081068
20 3 -0.425615
20 4 -0.163936
20 5 -0.127963
20 6 -0.564876
20 7 0.158173
19 0 0.214621
19 1 -0.394161
19 2 -0.081068
19 3 -0.452182
19 4 -0.153752
19 5 -0.127425
19 6 -0.582937
19 7 0.141646
18 0 0.214749
18 1 -0.394617
18 2 -0.081068
18 3 -0.478748
18 4 -0.143568
18 5 -0.126887
18 6 -0.600998
18 7 0.125118
17 0 0.214877
17 1 -0.395073
17 2 -0.081068
17 3 -0.505315
17 4 -0.133384
17 5 -0.126348
17 6 -0.619059
17 7 0.108591
16 0 0.215004
16 1 -0.395529
16 2 -0.081068
16 3 -0.531881
16 4 -0.123200
16 5 -0.125810
16 6 -0.637120
16 7 0.092064
15 0 0.204833
15 1 -0.395192
15 2 -0.081054
15 3 -0.554723
15 4 -0.099285
15 5 -0.125438
15 6 -0.622007
15 7 0.086710
14 0 0.194662
14 1 -0.394855
14 2 -0.081041
14 3 -0.577564
14 4 -0.075370
14 5 -0.125067
14 6 -0.606894
14 7 0.081357
13 0 0.184490
13 1 -0.394519
13 2 -0.081028
13 3 -0.600405
13 4 -0.051455
13 5 -0.124695
13 6 -0.591780
13 7 0.076004
12 0 0.174319
12 1 -0.394182
12 2 -0.081015
12 3 -0.623247
12 4 -0.027540
12 5 -0.124323
12 6 -0.576667
12 7 0.070651
11 0 0.164147
11 1 -0.393846
11 2 -0.081002
11 3 -0.646088
11 4 -0.003624
11 5 -0.123952
11 6 -0.561554
11 7 0.065297
10 0 0.153976
10 1 -0.393509
10 2 -0.080988
10 3 -0.668930
10 4 0.020291
10 5 -0.123580
10 6 -0.546441
10 7 0.059944
9 0 0.143804
9 1 -0.393173
9 2 -0.080975
9 3 -0.691771
9 4 0.044206
9 5 -0.123209
9 6 -0.531328
9 7 0.054591
8 0 0.133633
8 1 -0.392836
8 2 -0.080962
8 3 -0.714612
8 4 0.068121
8 5 -0.122837
8 6 -0.516215
8 7 0.049238
7 0 0.121020
7 1 -0.391714
7 2 -0.080937
7 3 -0.717605
7 4 0.090002
7 5 -0.122603
7 6 -0.488894
7 7 0.040135
6 0 0.108407
6 1 -0.390592
6 2 -0.080911
6 3 -0.720598
6 4 0.111883
6 5 -0.122368
6 6 -0.461573
6 7 0.031033
5 0 0.095794
5 1 -0.389470
5 2 -0.080886
5 3 -0.723590
5 4 0.133764
5 5 -0.122134
5 6 -0.434252
5 7 0.021930
4 0 0.083180
4 1 -0.388348
4 2 -0.080861
4 3 -0.726583
4 4 0.155645
4 5 -0.121899
4 6 -0.406931
4 7 0.012828
3 0 0.070567
3 1 -0.387226
3 2 -0.080835
3 3 -0.729576
3 4 0.177526
3 5 -0.121665
3 6 -0.379610
3 7 0.003726
2 0 0.057954
2 1 -0.386105
2 2 -0.080810
2 3 -0.732568
2 4 0.199407
2 5 -0.121430
2 6 -0.352289
2 7 -0.005377
1 0 0.045341
1 1 -0.384983
1 2 -0.080785
1 3 -0.735561
1 4 0.221288
1 5 -0.121196
1 6 -0.324969
1 7 -0.014479
0 0 0.032728
0 1 -0.383861
0 2 -0.080759
0 3 -0.738554
0 4 0.243169
0 5 -0.120961
0 6 -0.297648
0 7 -0.023582
-1 0 0.023308
-1 1 -0.381996
-1 2 -0.080723
-1 3 -0.719013
-1 4 0.249591
-1 5 -0.120779
-1 6 -0.264447
-1 7 -0.040576
-2 0 0.013889
-2 1 -0.380131
-2 2 -0.080687
-2 3 -0.699473
-2 4 0.256013
-2 5 -0.120597
-2 6 -0.231246
-2 7 -0.057570
-3 0 0.004469
-3 1 -0.378266
-3 2 -0.080651
-3 3 -0.679932
-3 4 0.262434
-3 5 -0.120414
-3 6 -0.198045
-3 7 -0.074564
-4 0 -0.004951
-4 1 -0.376402
-4 2 -0.080615
-4 3 -0.660392
-4 4 0.268856
-4 5 -0.120232
-4 6 -0.164844
-4 7 -0.091559
-5 0 -0.014370
-5 1 -0.374537
-5 2 -0.080579
-5 3 -0.640851
-5 4 0.275278
-5 5 -0.120049
-5 6 -0.131643
-5 7 -0.108553
-6 0 -0.023790
-6 1 -0.372672
-6 2 -0.080543
-6 3 -0.621311
-6 4 0.281700
-6 5 -0.119867
-6 6 -0.098442
-6 7 -0.125547
-7 0 -0.033209
-7 1 -0.370807
-7 2 -0.080507
-7 3 -0.601770
-7 4 0.288122
-7 5 -0.119684
-7 6 -0.065242
-7 7 -0.142542
-8 0 -0.042629
-8 1 -0.368942
-8 2 -0.080471
-8 3 -0.582230
-8 4 0.294544
-8 5 -0.119502
-8 6 -0.032041
-8 7 -0.159536
-9 0 -0.035587
-9 1 -0.366406
-9 2 -0.080426
-9 3 -0.547458
-9 4 0.287120
-9 5 -0.119246
-9 6 0.008646
-9 7 -0.154980
-10 0 -0.028545
-10 1 -0.363870
-10 2 -0.080381
-10 3 -0.512687
-10 4 0.279697
-10 5 -0.118990
-10 6 0.049333
-10 7 -0.150424
-11 0 -0.021503
-11 1 -0.361334
-11 2 -0.080336
-11 3 -0.477915
-11 4 0.272273
-11 5 -0.118734
-11 6 0.090019
-11 7 -0.145868
-12 0 -0.014462
-12 1 -0.358798
-12 2 -0.080290
-12 3 -0.443144
-12 4 0.264850
-12 5 -0.118478
-12 6 0.130706
-12 7 -0.141312
-13 0 -0.007420
-13 1 -0.356262
-13 2 -0.080245
-13 3 -0.408372
-13 4 0.257426
-13 5 -0.118222
-13 6 0.171392
-13 7 -0.136757
-14 0 -0.000378
-14 1 -0.353726
-14 2 -0.080200
-14 3 -0.373601
-14 4 0.250003
-14 5 -0.117966
-14 6 0.212079
-14 7 -0.132201
-15 0 0.006664
-15 1 -0.351190
-15 2 -0.080155
-15 3 -0.338829
-15 4 0.242579
-15 5 -0.117709
-15 6 0.252765
-15 7 -0.127645
-16 0 0.013706
-16 1 -0.348654
-16 2 -0.080110
-16 3 -0.304058
-16 4 0.235156
-16 5 -0.117453
-16 6 0.293452
-16 7 -0.123089
-17 0 0.023823
-17 1 -0.345541
-17 2 -0.080058
-17 3 -0.269282
-17 4 0.217917
-17 5 -0.116997
-17 6 0.312289
-17 7 -0.099656
-18 0 0.033940
-18 1 -0.342429
-18 2 -0.080005
-18 3 -0.234506
-18 4 0.200677
-18 5 -0.116541
-18 6 0.331126
-18 7 -0.076223
-19 0 0.044057
-19 1 -0.339316
-19 2 -0.079953
-19 3 -0.199730
-19 4 0.183438
-19 5 -0.116085
-19 6 0.349964
-19 7 -0.052790
-20 0 0.054175
-20 1 -0.336203
-20 2 -0.079901
-20 3 -0.164954
-20 4 0.166199
-20 5 -0.115628
-20 6 0.368801
-20 7 -0.029358
-21 0 0.064292
-21 1 -0.333091
-21 2 -0.079848
-21 3 -0.130178
-21 4 0.148960
-21 5 -0.115172
-21 6 0.387638
-21 7 -0.005925
-22 0 0.074409
-22 1 -0.329978
-22 2 -0.079796
-22 3 -0.095402
-22 4 0.131720
-22 5 -0.114716
-22 6 0.406476
-22 7 0.017508
-23 0 0.084526
-23 1 -0.326866
-23 2 -0.079744
-23 3 -0.060626
-23 4 0.114481
-23 5 -0.114259
-23 6 0.425313
-23 7 0.040941
-24 0 0.094643
-24 1 -0.323753
-24 2 -0.079691
-24 3 -0.025849
-24 4 0.097242
-24 5 -0.113803
-24 6 0.444150
-24 7 0.064374
-25 0 0.101081
-25 1 -0.320177
-25 2 -0.079634
-25 3 -0.011763
-25 4 0.082795
-25 5 -0.113328
-25 6 0.443826
-25 7 0.083775
-26 0 0.107520
-26 1 -0.316601
-26 2 -0.079576
-26 3 0.002323
-26 4 0.068348
-26 5 -0.112854
-26 6 0.443501
-26 7 0.103176
-27 0 0.113958
-27 1 -0.313024
-27 2 -0.079519
-27 3 0.016409
-27 4 0.053900
-27 5 -0.112379
-27 6 0.443177
-27 7 0.122577
-28 0 0.120396
-28 1 -0.309448
-28 2 -0.079462
-28 3 0.030495
-28 4 0.039453
-28 5 -0.111905
-28 6 0.442852
-28 7 0.141978
-29 0 0.126834
-29 1 -0.305872
-29 2 -0.079404
-29 3 0.044581
-29 4 0.025006
-29 5 -0.111430
-29 6 0.442528
-29 7 0.161379
-30 0 0.133273
-30 1 -0.302296
-30 2 -0.079347
-30 3 0.058667
-30 4 0.010559
-30 5 -0.110956
-30 6 0.442203
-30 7 0.180780
-31 0 0.139711
-31 1 -0.298719
-31 2 -0.079289
-31 3 0.072754
-31 4 -0.003888
-31 5 -0.110481
-31 6 0.441879
-31 7 0.200182
-32 0 0.146149
-32 1 -0.295143
-32 2 -0.079232
-32 3 0.086840
-32 4 -0.018336
-32 5 -0.110007
-32 6 0.441554
-32 7 0.219583
-33 0 0.150170
-33 1 -0.291229
-33 2 -0.079171
-33 3 0.087360
-33 4 -0.020918
-33 5 -0.109787
-33 6 0.417988
-33 7 0.222446
-34 0 0.154190
-34 1 -0.287314
-34 2 -0.079111
-34 3 0.087881
-34 4 -0.023500
-34 5 -0.109568
-34 6 0.394422
-34 7 0.225310
-35 0 0.158211
-35 1 -0.283400
-35 2 -0.079050
-35 3 0.088401
-35 4 -0.026083
-35 5 -0.109349
-35 6 0.370856
-35 7 0.228174
-36 0 0.162231
-36 1 -0.279485
-36 2 -0.078990
-36 3 0.088922
-36 4 -0.028665
-36 5 -0.109130
-36 6 0.347289
-36 7 0.231037
-37 0 0.166252
-37 1 -0.275571
-37 2 -0.078929
-37 3 0.089442
-37 4 -0.031247
-37 5 -0.108911
-37 6 0.323723
-37 7 0.233901
-38 0 0.170273
-38 1 -0.271656
-38 2 -0.078868
-38 3 0.089962
-38 4 -0.033830
-38 5 -0.108692
-38 6 0.300157
-38 7 0.236765
-39 0 0.174293
-39 1 -0.267742
-39 2 -0.078808
-39 3 0.090483
-39 4 -0.036412
-39 5 -0.108473
-39 6 0.276591
-39 7 0.239628
-40 0 0.178314
-40 1 -0.263827
-40 2 -0.078747
-40 3 0.091003
-40 4 -0.038994
-40 5 -0.108253
-40 6 0.253025
-40 7 0.242492
-41 0 0.173111
-41 1 -0.259708
-41 2 -0.078686
-41 3 0.090430
-41 4 -0.025656
-41 5 -0.108431
-41 6 0.210316
-41 7 0.230130
-42 0 0.167908
-42 1 -0.255588
-42 2 -0.078624
-42 3 0.089856
-42 4 -0.012317
-42 5 -0.108608
-42 6 0.167607
-42 7 0.217767
-43 0 0.162705
-43 1 -0.251469
-43 2 -0.078562
-43 3 0.089282
-43 4 0.001022
-43 5 -0.108786
-43 6 0.124898
-43 7 0.205405
-44 0 0.157502
-44 1 -0.247350
-44 2 -0.078501
-44 3 0.088709
-44 4 0.014361
-44 5 -0.108963
-44 6 0.082189
-44 7 0.193042
-45 0 0.152299
-45 1 -0.243231
-45 2 -0.078439
-45 3 0.088135
-45 4 0.027700
-45 5 -0.109141
-45 6 0.039480
-45 7 0.180680
-46 0 0.147097
-46 1 -0.239111
-46 2 -0.078378
-46 3 0.087561
-46 4 0.041039
-46 5 -0.109318
-46 6 -0.003229
-46 7 0.168318
-47 0 0.141894
-47 1 -0.234992
-47 2 -0.078316
-47 3 0.086988
-47 4 0.054378
-47 5 -0.109496
-47 6 -0.045938
-47 7 0.155955
-48 0 0.136691
-48 1 -0.230873
-48 2 -0.078254
-48 3 0.086414
-48 4 0.067717
-48 5 -0.109673
-48 6 -0.088647
-48 7 0.143593
-49 0 0.133167
-49 1 -0.226686
-49 2 -0.078193
-49 3 0.082901
-49 4 0.087069
-49 5 -0.110285
-49 6 -0.115117
-49 7 0.138412
-50 0 0.129644
-50 1 -0.222499
-50 2 -0.078132
-50 3 0.079387
-50 4 0.106421
-50 5 -0.110897
-50 6 -0.141586
-50 7 0.133232
-51 0 0.126120
-51 1 -0.218312
-51 2 -0.078071
-51 3 0.075874
-51 4 0.125773
-51 5 -0.111509
-51 6 -0.168056
-51 7 0.128051
-52 0 0.122597
-52 1 -0.214125
-52 2 -0.078010
-52 3 0.072360
-52 4 0.145124
-52 5 -0.112122
-52 6 -0.194525
-52 7 0.122870
-53 0 0.119073
-53 1 -0.209939
-53 2 -0.077950
-53 3 0.068846
-53 4 0.164476
-53 5 -0.112734
-53 6 -0.220995
-53 7 0.117690
-54 0 0.115550
-54 1 -0.205752
-54 2 -0.077889
-54 3 0.065333
-54 4 0.183828
-54 5 -0.113346
-54 6 -0.247465
-54 7 0.112509
-55 0 0.112026
-55 1 -0.201565
-55 2 -0.077828
-55 3 0.061819
-55 4 0.203180
-55 5 -0.113958
-55 6 -0.273934
-55 7 0.107328
-56 0 0.108503
-56 1 -0.197378
-56 2 -0.077767
-56 3 0.058306
-56 4 0.222532
-56 5 -0.114570
-56 6 -0.300404
-56 7 0.102148
-57 0 0.109588
-57 1 -0.297706
-57 2 -0.068046
-57 3 0.051018
-57 4 0.194715
-57 5 -0.100249
-57 6 -0.262853
-57 7 0.089379
-58 0 0.110674
-58 1 -0.398033
-58 2 -0.058325
-58 3 0.043729
-58 4 0.166899
-58 5 -0.085928
-58 6 -0.225303
-58 7 0.076611
-59 0 0.111759
-59 1 -0.498361
-59 2 -0.048604
-59 3 0.036441
-59 4 0.139082
-59 5 -0.071606
-59 6 -0.187752
-59 7 0.063842
-60 0 0.112845
-60 1 -0.598689
-60 2 -0.038883
-60 3 0.029153
-60 4 0.111266
-60 5 -0.057285
-60 6 -0.150202
-60 7 0.051074
-61 0 0.113931
-61 1 -0.699017
-61 2 -0.029163
-61 3 0.021865
-61 4 0.083449
-61 5 -0.042964
-61 6 -0.112651
-61 7 0.038305
-62 0 0.115016
-62 1 -0.799344
-62 2 -0.019442
-62 3 0.014576
-62 4 0.055633
-62 5 -0.028643
-62 6 -0.075101
-62 7 0.025537
-63 0 0.116102
-63 1 -0.899672
-63 2 -0.009721
-63 3 0.007288
-63 4 0.027816
-63 5 -0.014321
-63 6 -0.037550
-63 7 0.012768
-64 0 0.117188
-64 1 -1.000000
-64 2 0.000000
-64 3 0.000000
-64 4 0.000000
-64 5 0.000000
-64 6 0.000000
-64 7 0.000000
