-64 0.037482
-60 0.034412
-56 0.034687
-52 0.037978
-48 0.043679
-44 0.050753
-40 0.057119
-36 0.052558
-32 0.046690
-28 0.039517
-24 0.030251
-20 0.018200
-16 0.004300
-12 -0.009569
-8 0.010361
-4 0.011317
0 0.011996
4 0.026547
8 0.042577
12 0.054475
16 0.068530
20 0.076488
24 0.068347
28 0.061041
32 0.139829
36 0.153958
40 0.372201
44 0.234084
48 0.075992
52 0.029619
56 -0.001209
60 -0.034523
64 -0.073931
68 -0.112415
72 -0.153937
76 -0.197849
80 -0.236867
84 -0.273289
88 -0.291984
92 -0.332725
96 -0.364420
100 -0.397544
104 -0.427730
108 -0.458333
112 -0.458333
116 -0.458333
120 -0.458333
124 -0.458333
128 -0.458333
132 -0.458333
136 -0.458333
140 -0.458333
144 -0.458333
148 -0.458333
152 -0.458333
156 -0.458333
160 -0.458333
164 -0.458333
168 -0.458333
172 -0.458333
176 -0.458333
180 -0.458333
184 -0.458333
188 -0.458333
192 -0.458333
196 -0.458333
200 -0.458333
204 -0.458333
208 -0.458333
212 -0.458333
216 -0.458333
220 -0.458333
224 -0.458333
228 -0.458333
232 -0.458333
236 -0.458333
240 -0.458333
244 -0.458333
248 -0.458333
252 -0.458333
256 -0.024995
260 -0.024995
264 -0.024995
268 -0.024995
272 -0.024995
276 -0.024995
280 -0.024995
284 -0.024995
288 -0.024995
292 -0.024995
296 -0.024995
300 -0.024995
304 -0.024995
308 -0.024995
312 -0.024995
316 -0.024995
