-64 0.015580
-60 0.004685
-56 -0.048103
-52 -0.056844
-48 -0.051608
-44 -0.196732
-40 -0.212490
-36 -0.212706
-32 -0.190453
-28 -0.179514
-24 -0.194982
-20 -0.185665
-16 -0.172799
-12 -0.172318
-8 -0.120608
-4 -0.111767
0 0.004110
4 -0.001982
8 -0.017243
12 0.000544
16 -0.011622
20 0.007507
24 -0.000685
28 0.009808
32 0.011146
36 0.040973
40 0.048520
44 0.050161
48 0.060348
52 0.067610
56 0.074706
60 0.048854
64 0.058450
68 0.069048
72 0.052954
76 0.047792
80 0.042575
84 0.065609
88 0.078636
92 0.112546
96 0.126782
100 0.204754
104 0.206562
108 0.203176
112 0.194097
116 0.181239
120 0.221665
124 0.210989
128 0.222225
132 0.244510
136 0.255105
140 0.232588
144 0.156882
148 0.134111
152 0.130213
156 0.136413
160 0.165771
164 0.161233
168 0.177588
172 0.177831
176 0.170939
180 0.199160
184 0.164032
188 0.176629
192 0.188897
196 0.216752
200 0.252680
204 0.251435
208 0.266778
212 0.288770
216 0.300702
220 0.317660
224 0.337871
228 0.354945
232 0.306778
236 0.318742
240 0.310825
244 0.258178
248 0.264292
252 0.279730
256 0.288047
260 0.295469
264 0.293305
268 0.299971
272 0.288362
276 0.256409
280 0.307590
284 0.324651
288 0.297887
292 -0.104791
296 -0.132598
300 -0.127424
304 -0.144830
308 -0.151757
312 -0.164715
316 0.094555
