-64 0.037482
-60 0.049907
-56 0.069571
-52 0.092964
-48 0.116335
-44 0.140280
-40 0.163443
-36 0.164152
-32 0.162983
-28 0.159962
-24 0.155449
-20 0.150045
-16 0.139821
-12 0.123840
-8 0.109456
-4 0.097108
0 0.056147
4 0.051356
8 0.049474
12 0.045230
16 0.040705
20 0.034741
24 0.046309
28 0.105055
32 0.118751
36 0.453385
40 0.324992
44 0.178415
48 0.025626
52 -0.016283
56 -0.053463
60 -0.100940
64 -0.136845
68 -0.172074
72 -0.214999
76 -0.253793
80 -0.291724
84 -0.320625
88 -0.351610
92 -0.376063
96 -0.405004
100 -0.416747
104 -0.447217
108 -0.458333
112 -0.458333
116 -0.458333
120 -0.458333
124 -0.458333
128 -0.458333
132 -0.458333
136 -0.458333
140 -0.458333
144 -0.458333
148 -0.458333
152 -0.458333
156 -0.458333
160 -0.458333
164 -0.458333
168 -0.458333
172 -0.458333
176 -0.458333
180 -0.458333
184 -0.458333
188 -0.458333
192 -0.458333
196 -0.458333
200 -0.458333
204 -0.458333
208 -0.458333
212 -0.458333
216 -0.458333
220 -0.458333
224 -0.458333
228 -0.458333
232 -0.458333
236 -0.458333
240 -0.458333
244 -0.458333
248 -0.458333
252 -0.458034
256 -0.024995
260 -0.024995
264 -0.024995
268 -0.024995
272 -0.024995
276 -0.024995
280 -0.024995
284 -0.024995
288 -0.024995
292 -0.024995
296 -0.024995
300 -0.024995
304 -0.024995
308 -0.024995
312 -0.024995
316 -0.024995
