319 0 -0.078125
319 1 -0.076008
319 2 -0.075705
319 3 -0.618266
319 4 0.094629
319 5 0.000000
319 6 0.000000
319 7 0.000000
318 0 -0.078125
318 1 -0.075293
318 2 -0.075609
318 3 -0.610534
318 4 0.106422
318 5 0.000000
318 6 0.000000
318 7 0.000000
317 0 -0.078125
317 1 -0.074579
317 2 -0.075513
317 3 -0.602803
317 4 0.118215
317 5 0.000000
317 6 0.000000
317 7 0.000000
316 0 -0.078125
316 1 -0.073864
316 2 -0.075417
316 3 -0.595071
316 4 0.130008
316 5 0.000000
316 6 0.000000
316 7 0.000000
315 0 -0.078125
315 1 -0.073149
315 2 -0.075321
315 3 -0.587340
315 4 0.141801
315 5 0.000000
315 6 0.000000
315 7 0.000000
314 0 -0.078125
314 1 -0.072434
314 2 -0.075225
314 3 -0.579608
314 4 0.153595
314 5 0.000000
314 6 0.000000
314 7 0.000000
313 0 -0.078125
313 1 -0.071719
313 2 -0.075129
313 3 -0.571877
313 4 0.165388
313 5 0.000000
313 6 0.000000
313 7 0.000000
312 0 -0.078125
312 1 -0.071004
312 2 -0.075033
312 3 -0.564145
312 4 0.177181
312 5 0.000000
312 6 0.000000
312 7 0.000000
311 0 -0.078125
311 1 -0.070188
311 2 -0.074934
311 3 -0.554050
311 4 0.182380
311 5 0.000000
311 6 0.000000
311 7 0.000000
310 0 -0.078125
310 1 -0.069372
310 2 -0.074835
310 3 -0.543954
310 4 0.187579
310 5 0.000000
310 6 0.000000
310 7 0.000000
309 0 -0.078125
309 1 -0.068556
309 2 -0.074737
309 3 -0.533859
309 4 0.192778
309 5 0.000000
309 6 0.000000
309 7 0.000000
308 0 -0.078125
308 1 -0.067740
308 2 -0.074638
308 3 -0.523763
308 4 0.197977
308 5 0.000000
308 6 0.000000
308 7 0.000000
307 0 -0.078125
307 1 -0.066924
307 2 -0.074539
307 3 -0.513668
307 4 0.203176
307 5 0.000000
307 6 0.000000
307 7 0.000000
306 0 -0.078125
306 1 -0.066108
306 2 -0.074441
306 3 -0.503573
306 4 0.208374
306 5 0.000000
306 6 0.000000
306 7 0.000000
305 0 -0.078125
305 1 -0.065292
305 2 -0.074342
305 3 -0.493477
305 4 0.213573
305 5 0.000000
305 6 0.000000
305 7 0.000000
304 0 -0.078125
304 1 -0.064476
304 2 -0.074243
304 3 -0.483382
304 4 0.218772
304 5 0.000000
304 6 0.000000
304 7 0.000000
303 0 -0.078125
303 1 -0.063466
303 2 -0.074144
303 3 -0.464025
303 4 0.209034
303 5 0.000000
303 6 0.000000
303 7 0.000000
302 0 -0.078125
302 1 -0.062456
302 2 -0.074045
302 3 -0.444668
302 4 0.199295
302 5 0.000000
302 6 0.000000
302 7 0.000000
301 0 -0.078125
301 1 -0.061446
301 2 -0.073946
301 3 -0.425311
301 4 0.189557
301 5 0.000000
301 6 0.000000
301 7 0.000000
300 0 -0.078125
300 1 -0.060436
300 2 -0.073847
300 3 -0.405954
300 4 0.179818
300 5 0.000000
300 6 0.000000
300 7 0.000000
299 0 -0.078125
299 1 -0.059426
299 2 -0.073749
299 3 -0.386598
299 4 0.170080
299 5 0.000000
299 6 0.000000
299 7 0.000000
298 0 -0.078125
298 1 -0.058416
298 2 -0.073650
298 3 -0.367241
298 4 0.160341
298 5 0.000000
298 6 0.000000
298 7 0.000000
297 0 -0.078125
297 1 -0.057406
297 2 -0.073551
297 3 -0.347884
297 4 0.150603
297 5 0.000000
297 6 0.000000
297 7 0.000000
296 0 -0.078125
296 1 -0.056396
296 2 -0.073452
296 3 -0.328527
296 4 0.140864
296 5 0.000000
296 6 0.000000
296 7 0.000000
295 0 -0.078125
295 1 -0.055168
295 2 -0.073355
295 3 -0.304164
295 4 0.117089
295 5 0.000000
295 6 0.000000
295 7 0.000000
294 0 -0.078125
294 1 -0.053941
294 2 -0.073258
294 3 -0.279800
294 4 0.093315
294 5 0.000000
294 6 0.000000
294 7 0.000000
293 0 -0.078125
293 1 -0.052713
293 2 -0.073161
293 3 -0.255436
293 4 0.069540
293 5 0.000000
293 6 0.000000
293 7 0.000000
292 0 -0.078125
292 1 -0.051486
292 2 -0.073064
292 3 -0.231073
292 4 0.045765
292 5 0.000000
292 6 0.000000
292 7 0.000000
291 0 -0.078125
291 1 -0.050258
291 2 -0.072967
291 3 -0.206709
291 4 0.021990
291 5 0.000000
291 6 0.000000
291 7 0.000000
290 0 -0.078125
290 1 -0.049031
290 2 -0.072870
290 3 -0.182346
290 4 -0.001785
290 5 0.000000
290 6 0.000000
290 7 0.000000
289 0 -0.078125
289 1 -0.047803
289 2 -0.072773
289 3 -0.157982
289 4 -0.025560
289 5 0.000000
289 6 0.000000
289 7 0.000000
288 0 -0.078125
288 1 -0.046576
288 2 -0.072676
288 3 -0.133619
288 4 -0.049335
288 5 0.000000
288 6 0.000000
288 7 0.000000
287 0 -0.078125
287 1 -0.045134
287 2 -0.072584
287 3 -0.119884
287 4 -0.066789
287 5 0.000000
287 6 0.000000
287 7 0.000000
286 0 -0.078125
286 1 -0.043693
286 2 -0.072491
286 3 -0.106149
286 4 -0.084243
286 5 0.000000
286 6 0.000000
286 7 0.000000
285 0 -0.078125
285 1 -0.042252
285 2 -0.072398
285 3 -0.092413
285 4 -0.101696
285 5 0.000000
285 6 0.000000
285 7 0.000000
284 0 -0.078125
284 1 -0.040810
284 2 -0.072306
284 3 -0.078678
284 4 -0.119150
284 5 0.000000
284 6 0.000000
284 7 0.000000
283 0 -0.078125
283 1 -0.039369
283 2 -0.072213
283 3 -0.064943
283 4 -0.136604
283 5 0.000000
283 6 0.000000
283 7 0.000000
282 0 -0.078125
282 1 -0.037928
282 2 -0.072121
282 3 -0.051208
282 4 -0.154057
282 5 0.000000
282 6 0.000000
282 7 0.000000
281 0 -0.078125
281 1 -0.036486
281 2 -0.072028
281 3 -0.037473
281 4 -0.171511
281 5 0.000000
281 6 0.000000
281 7 0.000000
280 0 -0.078125
280 1 -0.035045
280 2 -0.071935
280 3 -0.023738
280 4 -0.188965
280 5 0.000000
280 6 0.000000
280 7 0.000000
279 0 -0.078125
279 1 -0.033416
279 2 -0.071849
279 3 -0.024161
279 4 -0.187063
279 5 0.000000
279 6 0.000000
279 7 0.000000
278 0 -0.078125
278 1 -0.031786
278 2 -0.071763
278 3 -0.024584
278 4 -0.185161
278 5 0.000000
278 6 0.000000
278 7 0.000000
277 0 -0.078125
277 1 -0.030157
277 2 -0.071677
277 3 -0.025007
277 4 -0.183259
277 5 0.000000
277 6 0.000000
277 7 0.000000
276 0 -0.078125
276 1 -0.028527
276 2 -0.071591
276 3 -0.025429
276 4 -0.181358
276 5 0.000000
276 6 0.000000
276 7 0.000000
275 0 -0.078125
275 1 -0.026898
275 2 -0.071505
275 3 -0.025852
275 4 -0.179456
275 5 0.000000
275 6 0.000000
275 7 0.000000
274 0 -0.078125
274 1 -0.025268
274 2 -0.071419
274 3 -0.026275
274 4 -0.177554
274 5 0.000000
274 6 0.000000
274 7 0.000000
273 0 -0.078125
273 1 -0.023639
273 2 -0.071333
273 3 -0.026698
273 4 -0.175652
273 5 0.000000
273 6 0.000000
273 7 0.000000
272 0 -0.078125
272 1 -0.022009
272 2 -0.071247
272 3 -0.027121
272 4 -0.173750
272 5 0.000000
272 6 0.000000
272 7 0.000000
271 0 -0.078125
271 1 -0.020234
271 2 -0.071169
271 3 -0.026583
271 4 -0.171010
271 5 0.000000
271 6 0.000000
271 7 0.000000
270 0 -0.078125
270 1 -0.018460
270 2 -0.071092
270 3 -0.026045
270 4 -0.168270
270 5 0.000000
270 6 0.000000
270 7 0.000000
269 0 -0.078125
269 1 -0.016685
269 2 -0.071014
269 3 -0.025507
269 4 -0.165529
269 5 0.000000
269 6 0.000000
269 7 0.000000
268 0 -0.078125
268 1 -0.014910
268 2 -0.070937
268 3 -0.024969
268 4 -0.162789
268 5 0.000000
268 6 0.000000
268 7 0.000000
267 0 -0.078125
267 1 -0.013136
267 2 -0.070859
267 3 -0.024431
267 4 -0.160048
267 5 0.000000
267 6 0.000000
267 7 0.000000
266 0 -0.078125
266 1 -0.011361
266 2 -0.070782
266 3 -0.023893
266 4 -0.157308
266 5 0.000000
266 6 0.000000
266 7 0.000000
265 0 -0.078125
265 1 -0.009586
265 2 -0.070704
265 3 -0.023355
265 4 -0.154568
265 5 0.000000
265 6 0.000000
265 7 0.000000
264 0 -0.078125
264 1 -0.007812
264 2 -0.070627
264 3 -0.022817
264 4 -0.151827
264 5 0.000000
264 6 0.000000
264 7 0.000000
263 0 -0.078125
263 1 -0.005948
263 2 -0.070559
263 3 -0.020472
263 4 -0.158309
263 5 0.000000
263 6 0.000000
263 7 0.000000
262 0 -0.078125
262 1 -0.004084
262 2 -0.070492
262 3 -0.018127
262 4 -0.164790
262 5 0.000000
262 6 0.000000
262 7 0.000000
261 0 -0.078125
261 1 -0.002220
261 2 -0.070425
261 3 -0.015781
261 4 -0.171272
261 5 0.000000
261 6 0.000000
261 7 0.000000
260 0 -0.078125
260 1 -0.000356
260 2 -0.070358
260 3 -0.013436
260 4 -0.177754
260 5 0.000000
260 6 0.000000
260 7 0.000000
259 0 -0.078125
259 1 0.001508
259 2 -0.070290
259 3 -0.011091
259 4 -0.184235
259 5 0.000000
259 6 0.000000
259 7 0.000000
258 0 -0.078125
258 1 0.003372
258 2 -0.070223
258 3 -0.008745
258 4 -0.190717
258 5 0.000000
258 6 0.000000
258 7 0.000000
257 0 -0.078125
257 1 0.005236
257 2 -0.070156
257 3 -0.006400
257 4 -0.197198
257 5 0.000000
257 6 0.000000
257 7 0.000000
256 0 -0.078125
256 1 0.007099
256 2 -0.070089
256 3 -0.004055
256 4 -0.203680
256 5 0.000000
256 6 0.000000
256 7 0.000000
255 0 -0.442158
255 1 0.008988
255 2 -0.070033
255 3 -0.014666
255 4 -0.198351
255 5 0.000000
255 6 0.000000
255 7 0.000000
254 0 -0.806190
254 1 0.010876
254 2 -0.069978
254 3 -0.025277
254 4 -0.193022
254 5 0.000000
254 6 0.000000
254 7 0.000000
253 0 -1.170223
253 1 0.012764
253 2 -0.069922
253 3 -0.035888
253 4 -0.187693
253 5 0.000000
253 6 0.000000
253 7 0.000000
252 0 -1.534255
252 1 0.014653
252 2 -0.069867
252 3 -0.046499
252 4 -0.182364
252 5 0.000000
252 6 0.000000
252 7 0.000000
251 0 -1.898288
251 1 0.016541
251 2 -0.069812
251 3 -0.057110
251 4 -0.177035
251 5 0.000000
251 6 0.000000
251 7 0.000000
250 0 -2.262320
250 1 0.018429
250 2 -0.069756
250 3 -0.067721
250 4 -0.171706
250 5 0.000000
250 6 0.000000
250 7 0.000000
249 0 -2.626353
249 1 0.020317
249 2 -0.069701
249 3 -0.078332
249 4 -0.166377
249 5 0.000000
249 6 0.000000
249 7 0.000000
248 0 -2.990385
248 1 0.022206
248 2 -0.069645
248 3 -0.088943
248 4 -0.161048
248 5 0.000000
248 6 0.000000
248 7 0.000000
247 0 -3.317742
247 1 0.024048
247 2 -0.069603
247 3 -0.107565
247 4 -0.140134
247 5 0.000000
247 6 0.000000
247 7 0.000000
246 0 -3.645098
246 1 0.025891
246 2 -0.069561
246 3 -0.126188
246 4 -0.119220
246 5 0.000000
246 6 0.000000
246 7 0.000000
245 0 -3.972455
245 1 0.027734
245 2 -0.069518
245 3 -0.144810
245 4 -0.098306
245 5 0.000000
245 6 0.000000
245 7 0.000000
244 0 -4.299812
244 1 0.029576
244 2 -0.069476
244 3 -0.163432
244 4 -0.077393
244 5 0.000000
244 6 0.000000
244 7 0.000000
243 0 -4.627168
243 1 0.031419
243 2 -0.069434
243 3 -0.182055
243 4 -0.056479
243 5 0.000000
243 6 0.000000
243 7 0.000000
242 0 -4.954525
242 1 0.033262
242 2 -0.069391
242 3 -0.200677
242 4 -0.035565
242 5 0.000000
242 6 0.000000
242 7 0.000000
241 0 -5.281881
241 1 0.035105
241 2 -0.069349
241 3 -0.219299
241 4 -0.014651
241 5 0.000000
241 6 0.000000
241 7 0.000000
240 0 -5.609238
240 1 0.036947
240 2 -0.069307
240 3 -0.237922
240 4 0.006263
240 5 0.000000
240 6 0.000000
240 7 0.000000
239 0 -5.578884
239 1 0.038673
239 2 -0.069278
239 3 -0.247525
239 4 0.023791
239 5 0.000000
239 6 0.000000
239 7 0.000000
238 0 -5.548531
238 1 0.040398
238 2 -0.069250
238 3 -0.257129
238 4 0.041320
238 5 0.000000
238 6 0.000000
238 7 0.000000
237 0 -5.518177
237 1 0.042123
237 2 -0.069221
237 3 -0.266732
237 4 0.058849
237 5 0.000000
237 6 0.000000
237 7 0.000000
236 0 -5.487824
236 1 0.043848
236 2 -0.069193
236 3 -0.276335
236 4 0.076377
236 5 0.000000
236 6 0.000000
236 7 0.000000
235 0 -5.457470
235 1 0.045574
235 2 -0.069164
235 3 -0.285939
235 4 0.093906
235 5 0.000000
235 6 0.000000
235 7 0.000000
234 0 -5.427117
234 1 0.047299
234 2 -0.069136
234 3 -0.295542
234 4 0.111435
234 5 0.000000
234 6 0.000000
234 7 0.000000
233 0 -5.396763
233 1 0.049024
233 2 -0.069108
233 3 -0.305146
233 4 0.128963
233 5 0.000000
233 6 0.000000
233 7 0.000000
232 0 -5.366410
232 1 0.050750
232 2 -0.069079
232 3 -0.314749
232 4 0.146492
232 5 0.000000
232 6 0.000000
232 7 0.000000
231 0 -5.331664
231 1 0.052287
231 2 -0.069065
231 3 -0.310622
231 4 0.148736
231 5 0.000000
231 6 0.000000
231 7 0.000000
230 0 -5.296918
230 1 0.053825
230 2 -0.069051
230 3 -0.306496
230 4 0.150981
230 5 0.000000
230 6 0.000000
230 7 0.000000
229 0 -5.262172
229 1 0.055362
229 2 -0.069037
229 3 -0.302369
229 4 0.153225
229 5 0.000000
229 6 0.000000
229 7 0.000000
228 0 -5.227425
228 1 0.056899
228 2 -0.069023
228 3 -0.298243
228 4 0.155470
228 5 0.000000
228 6 0.000000
228 7 0.000000
227 0 -5.192679
227 1 0.058437
227 2 -0.069009
227 3 -0.294116
227 4 0.157714
227 5 0.000000
227 6 0.000000
227 7 0.000000
226 0 -5.157933
226 1 0.059974
226 2 -0.068995
226 3 -0.289990
226 4 0.159959
226 5 0.000000
226 6 0.000000
226 7 0.000000
225 0 -5.123187
225 1 0.061512
225 2 -0.068981
225 3 -0.285863
225 4 0.162203
225 5 0.000000
225 6 0.000000
225 7 0.000000
224 0 -5.088441
224 1 0.063049
224 2 -0.068967
224 3 -0.281736
224 4 0.164448
224 5 0.000000
224 6 0.000000
224 7 0.000000
223 0 -5.062228
223 1 0.064332
223 2 -0.068967
223 3 -0.267701
223 4 0.167693
223 5 0.000000
223 6 0.000000
223 7 0.000000
222 0 -5.036015
222 1 0.065615
222 2 -0.068967
222 3 -0.253666
222 4 0.170937
222 5 0.000000
222 6 0.000000
222 7 0.000000
221 0 -5.009802
221 1 0.066898
221 2 -0.068968
221 3 -0.239630
221 4 0.174182
221 5 0.000000
221 6 0.000000
221 7 0.000000
220 0 -4.983588
220 1 0.068181
220 2 -0.068968
220 3 -0.225595
220 4 0.177427
220 5 0.000000
220 6 0.000000
220 7 0.000000
219 0 -4.957375
219 1 0.069464
219 2 -0.068968
219 3 -0.211559
219 4 0.180672
219 5 0.000000
219 6 0.000000
219 7 0.000000
218 0 -4.931162
218 1 0.070747
218 2 -0.068969
218 3 -0.197524
218 4 0.183917
218 5 0.000000
218 6 0.000000
218 7 0.000000
217 0 -4.904949
217 1 0.072030
217 2 -0.068969
217 3 -0.183489
217 4 0.187162
217 5 0.000000
217 6 0.000000
217 7 0.000000
216 0 -4.878735
216 1 0.073313
216 2 -0.068969
216 3 -0.169453
216 4 0.190407
216 5 0.000000
216 6 0.000000
216 7 0.000000
215 0 -4.852117
215 1 0.074281
215 2 -0.068984
215 3 -0.150667
215 4 0.198826
215 5 0.000000
215 6 0.000000
215 7 0.000000
214 0 -4.825498
214 1 0.075250
214 2 -0.068998
214 3 -0.131881
214 4 0.207245
214 5 0.000000
214 6 0.000000
214 7 0.000000
213 0 -4.798879
213 1 0.076218
213 2 -0.069013
213 3 -0.113095
213 4 0.215664
213 5 0.000000
213 6 0.000000
213 7 0.000000
212 0 -4.772260
212 1 0.077186
212 2 -0.069027
212 3 -0.094309
212 4 0.224083
212 5 0.000000
212 6 0.000000
212 7 0.000000
211 0 -4.745641
211 1 0.078155
211 2 -0.069041
211 3 -0.075523
211 4 0.232502
211 5 0.000000
211 6 0.000000
211 7 0.000000
210 0 -4.719022
210 1 0.079123
210 2 -0.069056
210 3 -0.056738
210 4 0.240921
210 5 0.000000
210 6 0.000000
210 7 0.000000
209 0 -4.692404
209 1 0.080092
209 2 -0.069070
209 3 -0.037952
209 4 0.249340
209 5 0.000000
209 6 0.000000
209 7 0.000000
208 0 -4.665785
208 1 0.081060
208 2 -0.069085
208 3 -0.019166
208 4 0.257759
208 5 0.000000
208 6 0.000000
208 7 0.000000
207 0 -4.636688
207 1 0.081662
207 2 -0.069112
207 3 0.004694
207 4 0.256208
207 5 0.000000
207 6 0.000000
207 7 0.000000
206 0 -4.607591
206 1 0.082264
206 2 -0.069140
206 3 0.028553
206 4 0.254658
206 5 0.000000
206 6 0.000000
206 7 0.000000
205 0 -4.578493
205 1 0.082866
205 2 -0.069167
205 3 0.052413
205 4 0.253107
205 5 0.000000
205 6 0.000000
205 7 0.000000
204 0 -4.549396
204 1 0.083468
204 2 -0.069195
204 3 0.076273
204 4 0.251557
204 5 0.000000
204 6 0.000000
204 7 0.000000
203 0 -4.520299
203 1 0.084070
203 2 -0.069222
203 3 0.100132
203 4 0.250007
203 5 0.000000
203 6 0.000000
203 7 0.000000
202 0 -4.491202
202 1 0.084672
202 2 -0.069250
202 3 0.123992
202 4 0.248456
202 5 0.000000
202 6 0.000000
202 7 0.000000
201 0 -4.462105
201 1 0.085274
201 2 -0.069277
201 3 0.147851
201 4 0.246906
201 5 0.000000
201 6 0.000000
201 7 0.000000
200 0 -4.433008
200 1 0.085876
200 2 -0.069305
200 3 0.171711
200 4 0.245356
200 5 0.000000
200 6 0.000000
200 7 0.000000
199 0 -4.410121
199 1 0.086070
199 2 -0.069344
199 3 0.188912
199 4 0.237061
199 5 0.000000
199 6 0.000000
199 7 0.000000
198 0 -4.387235
198 1 0.086264
198 2 -0.069383
198 3 0.206114
198 4 0.228767
198 5 0.000000
198 6 0.000000
198 7 0.000000
197 0 -4.364348
197 1 0.086458
197 2 -0.069422
197 3 0.223315
197 4 0.220473
197 5 0.000000
197 6 0.000000
197 7 0.000000
196 0 -4.341462
196 1 0.086652
196 2 -0.069462
196 3 0.240517
196 4 0.212178
196 5 0.000000
196 6 0.000000
196 7 0.000000
195 0 -4.318575
195 1 0.086846
195 2 -0.069501
195 3 0.257719
195 4 0.203884
195 5 0.000000
195 6 0.000000
195 7 0.000000
194 0 -4.295689
194 1 0.087040
194 2 -0.069540
194 3 0.274920
194 4 0.195590
194 5 0.000000
194 6 0.000000
194 7 0.000000
193 0 -4.272802
193 1 0.087234
193 2 -0.069579
193 3 0.292122
193 4 0.187295
193 5 0.000000
193 6 0.000000
193 7 0.000000
192 0 -4.249916
192 1 0.087428
192 2 -0.069619
192 3 0.309323
192 4 0.179001
192 5 0.000000
192 6 0.000000
192 7 0.000000
191 0 -4.222164
191 1 0.087183
191 2 -0.069668
191 3 0.306728
191 4 0.171352
191 5 0.000000
191 6 0.000000
191 7 0.000000
190 0 -4.194413
190 1 0.086939
190 2 -0.069717
190 3 0.304133
190 4 0.163702
190 5 0.000000
190 6 0.000000
190 7 0.000000
189 0 -4.166662
189 1 0.086695
189 2 -0.069766
189 3 0.301538
189 4 0.156053
189 5 0.000000
189 6 0.000000
189 7 0.000000
188 0 -4.138911
188 1 0.086450
188 2 -0.069815
188 3 0.298943
188 4 0.148404
188 5 0.000000
188 6 0.000000
188 7 0.000000
187 0 -4.111160
187 1 0.086206
187 2 -0.069864
187 3 0.296347
187 4 0.140754
187 5 0.000000
187 6 0.000000
187 7 0.000000
186 0 -4.083408
186 1 0.085962
186 2 -0.069913
186 3 0.293752
186 4 0.133105
186 5 0.000000
186 6 0.000000
186 7 0.000000
185 0 -4.055657
185 1 0.085717
185 2 -0.069962
185 3 0.291157
185 4 0.125455
185 5 0.000000
185 6 0.000000
185 7 0.000000
184 0 -4.027906
184 1 0.085473
184 2 -0.070011
184 3 0.288562
184 4 0.117806
184 5 0.000000
184 6 0.000000
184 7 0.000000
183 0 -3.996183
183 1 0.084773
183 2 -0.070067
183 3 0.271019
183 4 0.110439
183 5 0.000000
183 6 0.000000
183 7 0.000000
182 0 -3.964460
182 1 0.084073
182 2 -0.070124
182 3 0.253476
182 4 0.103071
182 5 0.000000
182 6 0.000000
182 7 0.000000
181 0 -3.932738
181 1 0.083372
181 2 -0.070180
181 3 0.235933
181 4 0.095704
181 5 0.000000
181 6 0.000000
181 7 0.000000
180 0 -3.901015
180 1 0.082672
180 2 -0.070236
180 3 0.218391
180 4 0.088337
180 5 0.000000
180 6 0.000000
180 7 0.000000
179 0 -3.869292
179 1 0.081972
179 2 -0.070293
179 3 0.200848
179 4 0.080970
179 5 0.000000
179 6 0.000000
179 7 0.000000
178 0 -3.837569
178 1 0.081272
178 2 -0.070349
178 3 0.183305
178 4 0.073603
178 5 0.000000
178 6 0.000000
178 7 0.000000
177 0 -3.805847
177 1 0.080571
177 2 -0.070405
177 3 0.165762
177 4 0.066235
177 5 0.000000
177 6 0.000000
177 7 0.000000
176 0 -3.774124
176 1 0.079871
176 2 -0.070461
176 3 0.148219
176 4 0.058868
176 5 0.000000
176 6 0.000000
176 7 0.000000
175 0 -3.742433
175 1 0.078710
175 2 -0.070522
175 3 0.128057
175 4 0.050737
175 5 0.000000
175 6 0.000000
175 7 0.000000
174 0 -3.710743
174 1 0.077550
174 2 -0.070583
174 3 0.107894
174 4 0.042606
174 5 0.000000
174 6 0.000000
174 7 0.000000
173 0 -3.679052
173 1 0.076389
173 2 -0.070643
173 3 0.087731
173 4 0.034474
173 5 0.000000
173 6 0.000000
173 7 0.000000
172 0 -3.647362
172 1 0.075228
172 2 -0.070704
172 3 0.067568
172 4 0.026343
172 5 0.000000
172 6 0.000000
172 7 0.000000
171 0 -3.615671
171 1 0.074068
171 2 -0.070764
171 3 0.047405
171 4 0.018212
171 5 0.000000
171 6 0.000000
171 7 0.000000
170 0 -3.583981
170 1 0.072907
170 2 -0.070825
170 3 0.027242
170 4 0.010081
170 5 0.000000
170 6 0.000000
170 7 0.000000
169 0 -3.552290
169 1 0.071747
169 2 -0.070885
169 3 0.007079
169 4 0.001950
169 5 0.000000
169 6 0.000000
169 7 0.000000
168 0 -3.520600
168 1 0.070586
168 2 -0.070946
168 3 -0.013084
168 4 -0.006182
168 5 0.000000
168 6 0.000000
168 7 0.000000
167 0 -3.491217
167 1 0.068974
167 2 -0.071007
167 3 -0.027984
167 4 -0.006655
167 5 0.000000
167 6 0.000000
167 7 0.000000
166 0 -3.461835
166 1 0.067362
166 2 -0.071069
166 3 -0.042884
166 4 -0.007129
166 5 0.000000
166 6 0.000000
166 7 0.000000
165 0 -3.432453
165 1 0.065750
165 2 -0.071130
165 3 -0.057784
165 4 -0.007602
165 5 0.000000
165 6 0.000000
165 7 0.000000
164 0 -3.403071
164 1 0.064138
164 2 -0.071192
164 3 -0.072684
164 4 -0.008076
164 5 0.000000
164 6 0.000000
164 7 0.000000
163 0 -3.373689
163 1 0.062526
163 2 -0.071253
163 3 -0.087584
163 4 -0.008550
163 5 0.000000
163 6 0.000000
163 7 0.000000
162 0 -3.344306
162 1 0.060914
162 2 -0.071315
162 3 -0.102484
162 4 -0.009023
162 5 0.000000
162 6 0.000000
162 7 0.000000
161 0 -3.314924
161 1 0.059302
161 2 -0.071376
161 3 -0.117384
161 4 -0.009497
161 5 0.000000
161 6 0.000000
161 7 0.000000
160 0 -3.285542
160 1 0.057691
160 2 -0.071438
160 3 -0.132283
160 4 -0.009970
160 5 0.000000
160 6 0.000000
160 7 0.000000
159 0 -3.259127
159 1 0.055650
159 2 -0.071500
159 3 -0.138162
159 4 -0.006812
159 5 0.000000
159 6 0.000000
159 7 0.000000
158 0 -3.232713
158 1 0.053610
158 2 -0.071562
158 3 -0.144041
158 4 -0.003654
158 5 0.000000
158 6 0.000000
158 7 0.000000
157 0 -3.206298
157 1 0.051569
157 2 -0.071625
157 3 -0.149919
157 4 -0.000495
157 5 0.000000
157 6 0.000000
157 7 0.000000
156 0 -3.179883
156 1 0.049529
156 2 -0.071687
156 3 -0.155798
156 4 0.002663
156 5 0.000000
156 6 0.000000
156 7 0.000000
155 0 -3.153469
155 1 0.047488
155 2 -0.071749
155 3 -0.161677
155 4 0.005821
155 5 0.000000
155 6 0.000000
155 7 0.000000
154 0 -3.127054
154 1 0.045448
154 2 -0.071811
154 3 -0.167555
154 4 0.008980
154 5 0.000000
154 6 0.000000
154 7 0.000000
153 0 -3.100639
153 1 0.043407
153 2 -0.071874
153 3 -0.173434
153 4 0.012138
153 5 0.000000
153 6 0.000000
153 7 0.000000
152 0 -3.074225
152 1 0.041367
152 2 -0.071936
152 3 -0.179312
152 4 0.015296
152 5 0.000000
152 6 0.000000
152 7 0.000000
151 0 -3.040032
151 1 0.038934
151 2 -0.072000
151 3 -0.171612
151 4 0.006355
151 5 0.000000
151 6 0.000000
151 7 0.000000
150 0 -3.005839
150 1 0.036501
150 2 -0.072064
150 3 -0.163911
150 4 -0.002586
150 5 0.000000
150 6 0.000000
150 7 0.000000
149 0 -2.971646
149 1 0.034068
149 2 -0.072128
149 3 -0.156210
149 4 -0.011527
149 5 0.000000
149 6 0.000000
149 7 0.000000
148 0 -2.937453
148 1 0.031635
148 2 -0.072192
148 3 -0.148509
148 4 -0.020469
148 5 0.000000
148 6 0.000000
148 7 0.000000
147 0 -2.903259
147 1 0.029202
147 2 -0.072256
147 3 -0.140809
147 4 -0.029410
147 5 0.000000
147 6 0.000000
147 7 0.000000
146 0 -2.869066
146 1 0.026769
146 2 -0.072320
146 3 -0.133108
146 4 -0.038351
146 5 0.000000
146 6 0.000000
146 7 0.000000
145 0 -2.834873
145 1 0.024336
145 2 -0.072384
145 3 -0.125407
145 4 -0.047292
145 5 0.000000
145 6 0.000000
145 7 0.000000
144 0 -2.800680
144 1 0.021903
144 2 -0.072447
144 3 -0.117706
144 4 -0.056234
144 5 0.000000
144 6 0.000000
144 7 0.000000
143 0 -2.757543
143 1 0.019127
143 2 -0.072513
143 3 -0.103365
143 4 -0.075039
143 5 0.000000
143 6 0.000000
143 7 0.000000
142 0 -2.714406
142 1 0.016350
142 2 -0.072579
142 3 -0.089024
142 4 -0.093845
142 5 0.000000
142 6 0.000000
142 7 0.000000
141 0 -2.671269
141 1 0.013573
141 2 -0.072645
141 3 -0.074683
141 4 -0.112651
141 5 0.000000
141 6 0.000000
141 7 0.000000
140 0 -2.628131
140 1 0.010796
140 2 -0.072711
140 3 -0.060342
140 4 -0.131456
140 5 0.000000
140 6 0.000000
140 7 0.000000
139 0 -2.584994
139 1 0.008020
139 2 -0.072777
139 3 -0.046001
139 4 -0.150262
139 5 0.000000
139 6 0.000000
139 7 0.000000
138 0 -2.541857
138 1 0.005243
138 2 -0.072842
138 3 -0.031660
138 4 -0.169068
138 5 0.000000
138 6 0.000000
138 7 0.000000
137 0 -2.498720
137 1 0.002466
137 2 -0.072908
137 3 -0.017318
137 4 -0.187873
137 5 0.000000
137 6 0.000000
137 7 0.000000
136 0 -2.455582
136 1 -0.000310
136 2 -0.072974
136 3 -0.002977
136 4 -0.206679
136 5 0.000000
136 6 0.000000
136 7 0.000000
135 0 -2.428833
135 1 -0.003371
135 2 -0.073042
135 3 0.010619
135 4 -0.220363
135 5 0.000000
135 6 0.000000
135 7 0.000000
134 0 -2.402084
134 1 -0.006431
134 2 -0.073109
134 3 0.024215
134 4 -0.234047
134 5 0.000000
134 6 0.000000
134 7 0.000000
133 0 -2.375334
133 1 -0.009491
133 2 -0.073176
133 3 0.037811
133 4 -0.247731
133 5 0.000000
133 6 0.000000
133 7 0.000000
132 0 -2.348585
132 1 -0.012551
132 2 -0.073244
132 3 0.051408
132 4 -0.261416
132 5 0.000000
132 6 0.000000
132 7 0.000000
131 0 -2.321836
131 1 -0.015611
131 2 -0.073311
131 3 0.065004
131 4 -0.275100
131 5 0.000000
131 6 0.000000
131 7 0.000000
130 0 -2.295086
130 1 -0.018671
130 2 -0.073379
130 3 0.078600
130 4 -0.288784
130 5 0.000000
130 6 0.000000
130 7 0.000000
129 0 -2.268337
129 1 -0.021731
129 2 -0.073446
129 3 0.092196
129 4 -0.302468
129 5 0.000000
129 6 0.000000
129 7 0.000000
128 0 -2.241588
128 1 -0.024791
128 2 -0.073513
128 3 0.105793
128 4 -0.316152
128 5 0.000000
128 6 0.000000
128 7 0.000000
127 0 -2.210798
127 1 -0.028064
127 2 -0.073582
127 3 0.116738
127 4 -0.322886
127 5 0.000000
127 6 0.000000
127 7 0.000000
126 0 -2.180009
126 1 -0.031336
126 2 -0.073650
126 3 0.127683
126 4 -0.329619
126 5 0.000000
126 6 0.000000
126 7 0.000000
125 0 -2.149220
125 1 -0.034609
125 2 -0.073719
125 3 0.138629
125 4 -0.336352
125 5 0.000000
125 6 0.000000
125 7 0.000000
124 0 -2.118430
124 1 -0.037882
124 2 -0.073787
124 3 0.149574
124 4 -0.343085
124 5 0.000000
124 6 0.000000
124 7 0.000000
123 0 -2.087641
123 1 -0.041154
123 2 -0.073855
123 3 0.160519
123 4 -0.349818
123 5 0.000000
123 6 0.000000
123 7 0.000000
122 0 -2.056851
122 1 -0.044427
122 2 -0.073924
122 3 0.171464
122 4 -0.356552
122 5 0.000000
122 6 0.000000
122 7 0.000000
121 0 -2.026062
121 1 -0.047700
121 2 -0.073992
121 3 0.182410
121 4 -0.363285
121 5 0.000000
121 6 0.000000
121 7 0.000000
120 0 -1.995273
120 1 -0.050972
120 2 -0.074060
120 3 0.193355
120 4 -0.370018
120 5 0.000000
120 6 0.000000
120 7 0.000000
119 0 -1.967859
119 1 -0.054378
119 2 -0.074129
119 3 0.199246
119 4 -0.372019
119 5 0.000000
119 6 0.000000
119 7 0.000000
118 0 -1.940446
118 1 -0.057783
118 2 -0.074197
118 3 0.205137
118 4 -0.374020
118 5 0.000000
118 6 0.000000
118 7 0.000000
117 0 -1.913032
117 1 -0.061189
117 2 -0.074265
117 3 0.211028
117 4 -0.376021
117 5 0.000000
117 6 0.000000
117 7 0.000000
116 0 -1.885619
116 1 -0.064595
116 2 -0.074334
116 3 0.216920
116 4 -0.378022
116 5 0.000000
116 6 0.000000
116 7 0.000000
115 0 -1.858206
115 1 -0.068000
115 2 -0.074402
115 3 0.222811
115 4 -0.380023
115 5 0.000000
115 6 0.000000
115 7 0.000000
114 0 -1.830792
114 1 -0.071406
114 2 -0.074470
114 3 0.228702
114 4 -0.382024
114 5 0.000000
114 6 0.000000
114 7 0.000000
113 0 -1.803379
113 1 -0.074812
113 2 -0.074539
113 3 0.234593
113 4 -0.384025
113 5 0.000000
113 6 0.000000
113 7 0.000000
112 0 -1.775966
112 1 -0.078217
112 2 -0.074607
112 3 0.240484
112 4 -0.386026
112 5 0.000000
112 6 0.000000
112 7 0.000000
111 0 -1.743548
111 1 -0.081670
111 2 -0.074674
111 3 0.235710
111 4 -0.373033
111 5 0.000000
111 6 0.000000
111 7 0.000000
110 0 -1.711130
110 1 -0.085122
110 2 -0.074741
110 3 0.230936
110 4 -0.360039
110 5 0.000000
110 6 0.000000
110 7 0.000000
109 0 -1.678713
109 1 -0.088574
109 2 -0.074808
109 3 0.226161
109 4 -0.347045
109 5 0.000000
109 6 0.000000
109 7 0.000000
108 0 -1.646295
108 1 -0.092027
108 2 -0.074875
108 3 0.221387
108 4 -0.334052
108 5 0.000000
108 6 0.000000
108 7 0.000000
107 0 -1.613878
107 1 -0.095479
107 2 -0.074943
107 3 0.216612
107 4 -0.321058
107 5 0.000000
107 6 0.000000
107 7 0.000000
106 0 -1.581460
106 1 -0.098931
106 2 -0.075010
106 3 0.211838
106 4 -0.308064
106 5 0.000000
106 6 0.000000
106 7 0.000000
105 0 -1.549043
105 1 -0.102384
105 2 -0.075077
105 3 0.207063
105 4 -0.295071
105 5 0.000000
105 6 0.000000
105 7 0.000000
104 0 -1.516625
104 1 -0.105836
104 2 -0.075144
104 3 0.202289
104 4 -0.282077
104 5 0.000000
104 6 0.000000
104 7 0.000000
103 0 -1.495738
103 1 -0.109244
103 2 -0.075209
103 3 0.181147
103 4 -0.256859
103 5 0.000000
103 6 0.000000
103 7 0.000000
102 0 -1.474852
102 1 -0.112653
102 2 -0.075273
102 3 0.160004
102 4 -0.231640
102 5 0.000000
102 6 0.000000
102 7 0.000000
101 0 -1.453965
101 1 -0.116061
101 2 -0.075338
101 3 0.138862
101 4 -0.206422
101 5 0.000000
101 6 0.000000
101 7 0.000000
100 0 -1.433078
100 1 -0.119469
100 2 -0.075403
100 3 0.117720
100 4 -0.181204
100 5 0.000000
100 6 0.000000
100 7 0.000000
99 0 -1.412191
99 1 -0.122878
99 2 -0.075467
99 3 0.096578
99 4 -0.155985
99 5 0.000000
99 6 0.000000
99 7 0.000000
98 0 -1.391304
98 1 -0.126286
98 2 -0.075532
98 3 0.075436
98 4 -0.130767
98 5 0.000000
98 6 0.000000
98 7 0.000000
97 0 -1.370417
97 1 -0.129694
97 2 -0.075597
97 3 0.054293
97 4 -0.105549
97 5 0.000000
97 6 0.000000
97 7 0.000000
96 0 -1.349530
96 1 -0.133102
96 2 -0.075661
96 3 0.033151
96 4 -0.080330
96 5 0.000000
96 6 0.000000
96 7 0.000000
95 0 -1.324689
95 1 -0.136374
95 2 -0.075722
95 3 0.008157
95 4 -0.055076
95 5 0.000000
95 6 0.000000
95 7 0.000000
94 0 -1.299848
94 1 -0.139646
94 2 -0.075783
94 3 -0.016838
94 4 -0.029822
94 5 0.000000
94 6 0.000000
94 7 0.000000
93 0 -1.275007
93 1 -0.142917
93 2 -0.075844
93 3 -0.041833
93 4 -0.004568
93 5 0.000000
93 6 0.000000
93 7 0.000000
92 0 -1.250166
92 1 -0.146189
92 2 -0.075905
92 3 -0.066827
92 4 0.020686
92 5 0.000000
92 6 0.000000
92 7 0.000000
91 0 -1.225325
91 1 -0.149461
91 2 -0.075966
91 3 -0.091822
91 4 0.045941
91 5 0.000000
91 6 0.000000
91 7 0.000000
90 0 -1.200484
90 1 -0.152733
90 2 -0.076027
90 3 -0.116816
90 4 0.071195
90 5 0.000000
90 6 0.000000
90 7 0.000000
89 0 -1.175643
89 1 -0.156004
89 2 -0.076088
89 3 -0.141811
89 4 0.096449
89 5 0.000000
89 6 0.000000
89 7 0.000000
88 0 -1.150802
88 1 -0.159276
88 2 -0.076149
88 3 -0.166805
88 4 0.121703
88 5 0.000000
88 6 0.000000
88 7 0.000000
87 0 -1.124450
87 1 -0.162320
87 2 -0.076205
87 3 -0.185312
87 4 0.145114
87 5 0.000000
87 6 0.000000
87 7 0.000000
86 0 -1.098098
86 1 -0.165363
86 2 -0.076261
86 3 -0.203820
86 4 0.168525
86 5 0.000000
86 6 0.000000
86 7 0.000000
85 0 -1.071746
85 1 -0.168407
85 2 -0.076317
85 3 -0.222327
85 4 0.191937
85 5 0.000000
85 6 0.000000
85 7 0.000000
84 0 -1.045395
84 1 -0.171451
84 2 -0.076373
84 3 -0.240834
84 4 0.215348
84 5 0.000000
84 6 0.000000
84 7 0.000000
83 0 -1.019043
83 1 -0.174495
83 2 -0.076429
83 3 -0.259341
83 4 0.238759
83 5 0.000000
83 6 0.000000
83 7 0.000000
82 0 -0.992691
82 1 -0.177538
82 2 -0.076485
82 3 -0.277848
82 4 0.262170
82 5 0.000000
82 6 0.000000
82 7 0.000000
81 0 -0.966339
81 1 -0.180582
81 2 -0.076542
81 3 -0.296356
81 4 0.285581
81 5 0.000000
81 6 0.000000
81 7 0.000000
80 0 -0.939987
80 1 -0.183626
80 2 -0.076598
80 3 -0.314863
80 4 0.308993
80 5 0.000000
80 6 0.000000
80 7 0.000000
79 0 -0.907830
79 1 -0.186355
79 2 -0.076648
79 3 -0.328717
79 4 0.341866
79 5 0.000000
79 6 0.000000
79 7 0.000000
78 0 -0.875674
78 1 -0.189083
78 2 -0.076697
78 3 -0.342571
78 4 0.374739
78 5 0.000000
78 6 0.000000
78 7 0.000000
77 0 -0.843517
77 1 -0.191812
77 2 -0.076747
77 3 -0.356426
77 4 0.407612
77 5 0.000000
77 6 0.000000
77 7 0.000000
76 0 -0.811360
76 1 -0.194541
76 2 -0.076797
76 3 -0.370280
76 4 0.440485
76 5 0.000000
76 6 0.000000
76 7 0.000000
75 0 -0.779203
75 1 -0.197270
75 2 -0.076847
75 3 -0.384134
75 4 0.473358
75 5 0.000000
75 6 0.000000
75 7 0.000000
74 0 -0.747047
74 1 -0.199999
74 2 -0.076897
74 3 -0.397989
74 4 0.506230
74 5 0.000000
74 6 0.000000
74 7 0.000000
73 0 -0.714890
73 1 -0.202728
73 2 -0.076947
73 3 -0.411843
73 4 0.539103
73 5 0.000000
73 6 0.000000
73 7 0.000000
72 0 -0.682733
72 1 -0.205457
72 2 -0.076997
72 3 -0.425697
72 4 0.571976
72 5 0.000000
72 6 0.000000
72 7 0.000000
71 0 -0.651187
71 1 -0.207839
71 2 -0.077040
71 3 -0.428066
71 4 0.603657
71 5 0.000000
71 6 0.000000
71 7 0.000000
70 0 -0.619641
70 1 -0.210220
70 2 -0.077083
70 3 -0.430435
70 4 0.635337
70 5 0.000000
70 6 0.000000
70 7 0.000000
69 0 -0.588094
69 1 -0.212602
69 2 -0.077126
69 3 -0.432804
69 4 0.667017
69 5 0.000000
69 6 0.000000
69 7 0.000000
68 0 -0.556548
68 1 -0.214983
68 2 -0.077169
68 3 -0.435172
68 4 0.698697
68 5 0.000000
68 6 0.000000
68 7 0.000000
67 0 -0.525002
67 1 -0.217365
67 2 -0.077212
67 3 -0.437541
67 4 0.730377
67 5 0.000000
67 6 0.000000
67 7 0.000000
66 0 -0.493455
66 1 -0.219747
66 2 -0.077255
66 3 -0.439910
66 4 0.762057
66 5 0.000000
66 6 0.000000
66 7 0.000000
65 0 -0.461909
65 1 -0.222128
65 2 -0.077298
65 3 -0.442279
65 4 0.793737
65 5 0.000000
65 6 0.000000
65 7 0.000000
64 0 -0.430363
64 1 -0.224510
64 2 -0.077341
64 3 -0.444648
64 4 0.825417
64 5 0.000000
64 6 0.000000
64 7 0.000000
63 0 -0.397471
63 1 -0.226703
63 2 -0.077376
63 3 -0.430836
63 4 0.833437
63 5 0.000000
63 6 0.000000
63 7 0.000000
62 0 -0.364580
62 1 -0.228897
62 2 -0.077411
62 3 -0.417025
62 4 0.841458
62 5 0.000000
62 6 0.000000
62 7 0.000000
61 0 -0.331689
61 1 -0.231090
61 2 -0.077446
61 3 -0.403214
61 4 0.849478
61 5 0.000000
61 6 0.000000
61 7 0.000000
60 0 -0.298797
60 1 -0.233284
60 2 -0.077481
60 3 -0.389403
60 4 0.857498
60 5 0.000000
60 6 0.000000
60 7 0.000000
59 0 -0.265906
59 1 -0.235477
59 2 -0.077517
59 3 -0.375592
59 4 0.865519
59 5 0.000000
59 6 0.000000
59 7 0.000000
58 0 -0.233015
58 1 -0.237671
58 2 -0.077552
58 3 -0.361781
58 4 0.873539
58 5 0.000000
58 6 0.000000
58 7 0.000000
57 0 -0.200123
57 1 -0.239864
57 2 -0.077587
57 3 -0.347970
57 4 0.881559
57 5 0.000000
57 6 0.000000
57 7 0.000000
56 0 -0.167232
56 1 -0.242058
56 2 -0.077622
56 3 -0.334159
56 4 0.889580
56 5 0.000000
56 6 0.000000
56 7 0.000000
55 0 -0.136316
55 1 -0.244208
55 2 -0.077649
55 3 -0.310686
55 4 0.858706
55 5 -0.032237
55 6 0.002875
55 7 0.020632
54 0 -0.105399
54 1 -0.246359
54 2 -0.077676
54 3 -0.287214
54 4 0.827832
54 5 -0.064475
54 6 0.005751
54 7 0.041264
53 0 -0.074483
53 1 -0.248509
53 2 -0.077702
53 3 -0.263741
53 4 0.796957
53 5 -0.096712
53 6 0.008626
53 7 0.061895
52 0 -0.043567
52 1 -0.250659
52 2 -0.077729
52 3 -0.240268
52 4 0.766083
52 5 -0.128950
52 6 0.011501
52 7 0.082527
51 0 -0.012651
51 1 -0.252810
51 2 -0.077756
51 3 -0.216796
51 4 0.735209
51 5 -0.161187
51 6 0.014377
51 7 0.103159
50 0 0.018266
50 1 -0.254960
50 2 -0.077783
50 3 -0.193323
50 4 0.704335
50 5 -0.193425
50 6 0.017252
50 7 0.123791
49 0 0.049182
49 1 -0.257110
49 2 -0.077810
49 3 -0.169851
49 4 0.673461
49 5 -0.225662
49 6 0.020128
49 7 0.144423
48 0 0.080098
48 1 -0.259261
48 2 -0.077837
48 3 -0.146378
48 4 0.642587
48 5 -0.257900
48 6 0.023003
48 7 0.165054
47 0 0.202057
47 1 -0.261207
47 2 -0.077855
47 3 -0.122742
47 4 0.591405
47 5 -0.260896
47 6 0.023158
47 7 0.166336
46 0 0.324016
46 1 -0.263154
46 2 -0.077873
46 3 -0.099106
46 4 0.540223
46 5 -0.263892
46 6 0.023314
46 7 0.167618
45 0 0.445975
45 1 -0.265101
45 2 -0.077891
45 3 -0.075470
45 4 0.489042
45 5 -0.266888
45 6 0.023469
45 7 0.168900
44 0 0.567934
44 1 -0.267048
44 2 -0.077909
44 3 -0.051834
44 4 0.437860
44 5 -0.269884
44 6 0.023624
44 7 0.170181
43 0 0.689893
43 1 -0.268995
43 2 -0.077928
43 3 -0.028199
43 4 0.386678
43 5 -0.272880
43 6 0.023779
43 7 0.171463
42 0 0.811852
42 1 -0.270941
42 2 -0.077946
42 3 -0.004563
42 4 0.335496
42 5 -0.275876
42 6 0.023935
42 7 0.172745
41 0 0.933811
41 1 -0.272888
41 2 -0.077964
41 3 0.019073
41 4 0.284314
41 5 -0.278872
41 6 0.024090
41 7 0.174027
40 0 1.055769
40 1 -0.274835
40 2 -0.077982
40 3 0.042709
40 4 0.233132
40 5 -0.281868
40 6 0.024245
40 7 0.175308
39 0 0.970407
39 1 -0.276406
39 2 -0.077992
39 3 0.069982
39 4 0.184624
39 5 -0.284323
39 6 0.030393
39 7 0.179660
38 0 0.885044
38 1 -0.277978
38 2 -0.078001
38 3 0.097255
38 4 0.136116
38 5 -0.286778
38 6 0.036540
38 7 0.184012
37 0 0.799681
37 1 -0.279549
37 2 -0.078011
37 3 0.124529
37 4 0.087608
37 5 -0.289233
37 6 0.042687
37 7 0.188364
36 0 0.714318
36 1 -0.281121
36 2 -0.078021
36 3 0.151802
36 4 0.039100
36 5 -0.291688
36 6 0.048835
36 7 0.192716
35 0 0.628955
35 1 -0.282692
35 2 -0.078030
35 3 0.179075
35 4 -0.009408
35 5 -0.294143
35 6 0.054982
35 7 0.197067
34 0 0.543592
34 1 -0.284264
34 2 -0.078040
34 3 0.206348
34 4 -0.057916
34 5 -0.296598
34 6 0.061129
34 7 0.201419
33 0 0.458229
33 1 -0.285835
33 2 -0.078049
33 3 0.233622
33 4 -0.106424
33 5 -0.299053
33 6 0.067277
33 7 0.205771
32 0 0.372866
32 1 -0.287407
32 2 -0.078059
32 3 0.260895
32 4 -0.154932
32 5 -0.301508
32 6 0.073424
32 7 0.210123
31 0 0.344360
31 1 -0.288484
31 2 -0.078060
31 3 0.290289
31 4 -0.189074
31 5 -0.303582
31 6 0.074163
31 7 0.230909
30 0 0.315854
30 1 -0.289562
30 2 -0.078061
30 3 0.319683
30 4 -0.223215
30 5 -0.305657
30 6 0.074902
30 7 0.251695
29 0 0.287348
29 1 -0.290640
29 2 -0.078062
29 3 0.349077
29 4 -0.257357
29 5 -0.307731
29 6 0.075640
29 7 0.272481
28 0 0.258842
28 1 -0.291718
28 2 -0.078064
28 3 0.378472
28 4 -0.291499
28 5 -0.309806
28 6 0.076379
28 7 0.293266
27 0 0.230336
27 1 -0.292796
27 2 -0.078065
27 3 0.407866
27 4 -0.325640
27 5 -0.311881
27 6 0.077118
27 7 0.314052
26 0 0.201830
26 1 -0.293874
26 2 -0.078066
26 3 0.437260
26 4 -0.359782
26 5 -0.313955
26 6 0.077857
26 7 0.334838
25 0 0.173325
25 1 -0.294951
25 2 -0.078067
25 3 0.466654
25 4 -0.393924
25 5 -0.316030
25 6 0.078596
25 7 0.355624
24 0 0.144819
24 1 -0.296029
24 2 -0.078068
24 3 0.496048
24 4 -0.428065
24 5 -0.318104
24 6 0.079335
24 7 0.376410
23 0 0.142625
23 1 -0.296542
23 2 -0.078062
23 3 0.516217
23 4 -0.432134
23 5 -0.319840
23 6 0.085433
23 7 0.385148
22 0 0.140432
22 1 -0.297054
22 2 -0.078055
22 3 0.536386
22 4 -0.436202
22 5 -0.321575
22 6 0.091531
22 7 0.393886
21 0 0.138239
21 1 -0.297567
21 2 -0.078048
21 3 0.556555
21 4 -0.440270
21 5 -0.323310
21 6 0.097630
21 7 0.402624
20 0 0.136046
20 1 -0.298079
20 2 -0.078042
20 3 0.576723
20 4 -0.444338
20 5 -0.325046
20 6 0.103728
20 7 0.411361
19 0 0.133852
19 1 -0.298592
19 2 -0.078035
19 3 0.596892
19 4 -0.448406
19 5 -0.326781
19 6 0.109826
19 7 0.420099
18 0 0.131659
18 1 -0.299105
18 2 -0.078028
18 3 0.617061
18 4 -0.452475
18 5 -0.328516
18 6 0.115925
18 7 0.428837
17 0 0.129466
17 1 -0.299617
17 2 -0.078021
17 3 0.637229
17 4 -0.456543
17 5 -0.330252
17 6 0.122023
17 7 0.437575
16 0 0.127272
16 1 -0.300130
16 2 -0.078015
16 3 0.657398
16 4 -0.460611
16 5 -0.331987
16 6 0.128121
16 7 0.446312
15 0 0.130705
15 1 -0.300045
15 2 -0.078001
15 3 0.663525
15 4 -0.440504
15 5 -0.333357
15 6 0.139976
15 7 0.432844
14 0 0.134137
14 1 -0.299961
14 2 -0.077987
14 3 0.669652
14 4 -0.420397
14 5 -0.334727
14 6 0.151831
14 7 0.419376
13 0 0.137570
13 1 -0.299877
13 2 -0.077973
13 3 0.675779
13 4 -0.400291
13 5 -0.336097
13 6 0.163685
13 7 0.405908
12 0 0.141002
12 1 -0.299793
12 2 -0.077959
12 3 0.681906
12 4 -0.380184
12 5 -0.337467
12 6 0.175540
12 7 0.392440
11 0 0.144435
11 1 -0.299709
11 2 -0.077946
11 3 0.688033
11 4 -0.360077
11 5 -0.338837
11 6 0.187395
11 7 0.378972
10 0 0.147867
10 1 -0.299625
10 2 -0.077932
10 3 0.694160
10 4 -0.339970
10 5 -0.340207
10 6 0.199249
10 7 0.365504
9 0 0.151299
9 1 -0.299540
9 2 -0.077918
9 3 0.700287
9 4 -0.319863
9 5 -0.341577
9 6 0.211104
9 7 0.352035
8 0 0.154732
8 1 -0.299456
8 2 -0.077904
8 3 0.706414
8 4 -0.299757
8 5 -0.342947
8 6 0.222959
8 7 0.338567
7 0 0.157346
7 1 -0.298778
7 2 -0.077884
7 3 0.700274
7 4 -0.268048
7 5 -0.343905
7 6 0.236548
7 7 0.325313
6 0 0.159960
6 1 -0.298100
6 2 -0.077864
6 3 0.694133
6 4 -0.236339
6 5 -0.344862
6 6 0.250137
6 7 0.312058
5 0 0.162574
5 1 -0.297422
5 2 -0.077844
5 3 0.687993
5 4 -0.204630
5 5 -0.345820
5 6 0.263726
5 7 0.298804
4 0 0.165188
4 1 -0.296744
4 2 -0.077824
4 3 0.681852
4 4 -0.172921
4 5 -0.346777
4 6 0.277315
4 7 0.285549
3 0 0.167802
3 1 -0.296065
3 2 -0.077804
3 3 0.675712
3 4 -0.141212
3 5 -0.347735
3 6 0.290904
3 7 0.272295
2 0 0.170416
2 1 -0.295387
2 2 -0.077784
2 3 0.669571
2 4 -0.109503
2 5 -0.348692
2 6 0.304493
2 7 0.259040
1 0 0.173030
1 1 -0.294709
1 2 -0.077764
1 3 0.663431
1 4 -0.077794
1 5 -0.349650
1 6 0.318082
1 7 0.245785
0 0 0.175644
0 1 -0.294031
0 2 -0.077744
0 3 0.657290
0 4 -0.046085
0 5 -0.350607
0 6 0.331671
0 7 0.232531
-1 0 0.196618
-1 1 -0.292790
-1 2 -0.077719
-1 3 0.641509
-1 4 -0.017325
-1 5 -0.351123
-1 6 0.340212
-1 7 0.235391
-2 0 0.217592
-2 1 -0.291549
-2 2 -0.077694
-2 3 0.625727
-2 4 0.011435
-2 5 -0.351638
-2 6 0.348753
-2 7 0.238251
-3 0 0.238565
-3 1 -0.290308
-3 2 -0.077669
-3 3 0.609946
-3 4 0.040195
-3 5 -0.352154
-3 6 0.357294
-3 7 0.241111
-4 0 0.259539
-4 1 -0.289067
-4 2 -0.077644
-4 3 0.594165
-4 4 0.068955
-4 5 -0.352670
-4 6 0.365835
-4 7 0.243971
-5 0 0.280513
-5 1 -0.287826
-5 2 -0.077619
-5 3 0.578383
-5 4 0.097715
-5 5 -0.353185
-5 6 0.374376
-5 7 0.246831
-6 0 0.301486
-6 1 -0.286585
-6 2 -0.077593
-6 3 0.562602
-6 4 0.126475
-6 5 -0.353701
-6 6 0.382918
-6 7 0.249691
-7 0 0.322460
-7 1 -0.285344
-7 2 -0.077568
-7 3 0.546821
-7 4 0.155235
-7 5 -0.354216
-7 6 0.391459
-7 7 0.252551
-8 0 0.343434
-8 1 -0.284103
-8 2 -0.077543
-8 3 0.531039
-8 4 0.183995
-8 5 -0.354732
-8 6 0.400000
-8 7 0.255411
-9 0 0.355485
-9 1 -0.282353
-9 2 -0.077515
-9 3 0.510480
-9 4 0.208682
-9 5 -0.354827
-9 6 0.389741
-9 7 0.260558
-10 0 0.367537
-10 1 -0.280603
-10 2 -0.077486
-10 3 0.489920
-10 4 0.233369
-10 5 -0.354922
-10 6 0.379481
-10 7 0.265706
-11 0 0.379588
-11 1 -0.278854
-11 2 -0.077457
-11 3 0.469361
-11 4 0.258056
-11 5 -0.355017
-11 6 0.369222
-11 7 0.270854
-12 0 0.391640
-12 1 -0.277104
-12 2 -0.077428
-12 3 0.448801
-12 4 0.282743
-12 5 -0.355112
-12 6 0.358963
-12 7 0.276001
-13 0 0.403691
-13 1 -0.275355
-13 2 -0.077399
-13 3 0.428241
-13 4 0.307429
-13 5 -0.355207
-13 6 0.348704
-13 7 0.281149
-14 0 0.415742
-14 1 -0.273605
-14 2 -0.077370
-14 3 0.407682
-14 4 0.332116
-14 5 -0.355302
-14 6 0.338445
-14 7 0.286296
-15 0 0.427794
-15 1 -0.271855
-15 2 -0.077342
-15 3 0.387122
-15 4 0.356803
-15 5 -0.355397
-15 6 0.328186
-15 7 0.291444
-16 0 0.439845
-16 1 -0.270106
-16 2 -0.077313
-16 3 0.366563
-16 4 0.381490
-16 5 -0.355492
-16 6 0.317927
-16 7 0.296591
-17 0 0.446088
-17 1 -0.267920
-17 2 -0.077281
-17 3 0.354761
-17 4 0.402065
-17 5 -0.355263
-17 6 0.302794
-17 7 0.286616
-18 0 0.452331
-18 1 -0.265734
-18 2 -0.077250
-18 3 0.342960
-18 4 0.422641
-18 5 -0.355035
-18 6 0.287660
-18 7 0.276641
-19 0 0.458573
-19 1 -0.263549
-19 2 -0.077219
-19 3 0.331158
-19 4 0.443216
-19 5 -0.354806
-19 6 0.272527
-19 7 0.266665
-20 0 0.464816
-20 1 -0.261363
-20 2 -0.077188
-20 3 0.319357
-20 4 0.463792
-20 5 -0.354577
-20 6 0.257394
-20 7 0.256690
-21 0 0.471059
-21 1 -0.259177
-21 2 -0.077156
-21 3 0.307555
-21 4 0.484367
-21 5 -0.354349
-21 6 0.242261
-21 7 0.246715
-22 0 0.477302
-22 1 -0.256991
-22 2 -0.077125
-22 3 0.295754
-22 4 0.504942
-22 5 -0.354120
-22 6 0.227128
-22 7 0.236739
-23 0 0.483545
-23 1 -0.254806
-23 2 -0.077094
-23 3 0.283953
-23 4 0.525518
-23 5 -0.353892
-23 6 0.211995
-23 7 0.226764
-24 0 0.489787
-24 1 -0.252620
-24 2 -0.077063
-24 3 0.272151
-24 4 0.546093
-24 5 -0.353663
-24 6 0.196862
-24 7 0.216788
-25 0 0.492809
-25 1 -0.250084
-25 2 -0.077030
-25 3 0.271263
-25 4 0.556640
-25 5 -0.353257
-25 6 0.190850
-25 7 0.186815
-26 0 0.495830
-26 1 -0.247548
-26 2 -0.076998
-26 3 0.270374
-26 4 0.567187
-26 5 -0.352850
-26 6 0.184838
-26 7 0.156842
-27 0 0.498851
-27 1 -0.245012
-27 2 -0.076966
-27 3 0.269486
-27 4 0.577734
-27 5 -0.352444
-27 6 0.178827
-27 7 0.126868
-28 0 0.501872
-28 1 -0.242476
-28 2 -0.076934
-28 3 0.268597
-28 4 0.588281
-28 5 -0.352037
-28 6 0.172815
-28 7 0.096895
-29 0 0.504893
-29 1 -0.239940
-29 2 -0.076901
-29 3 0.267709
-29 4 0.598828
-29 5 -0.351630
-29 6 0.166804
-29 7 0.066922
-30 0 0.507915
-30 1 -0.237405
-30 2 -0.076869
-30 3 0.266820
-30 4 0.609375
-30 5 -0.351224
-30 6 0.160792
-30 7 0.036948
-31 0 0.510936
-31 1 -0.234869
-31 2 -0.076837
-31 3 0.265932
-31 4 0.619922
-31 5 -0.350817
-31 6 0.154780
-31 7 0.006975
-32 0 0.513957
-32 1 -0.232333
-32 2 -0.076804
-32 3 0.265043
-32 4 0.630469
-32 5 -0.350410
-32 6 0.148769
-32 7 -0.022998
-33 0 0.514141
-33 1 -0.229542
-33 2 -0.076772
-33 3 0.268770
-33 4 0.631352
-33 5 -0.349906
-33 6 0.153386
-33 7 -0.061031
-34 0 0.514326
-34 1 -0.226752
-34 2 -0.076740
-34 3 0.272496
-34 4 0.632235
-34 5 -0.349401
-34 6 0.158003
-34 7 -0.099064
-35 0 0.514510
-35 1 -0.223961
-35 2 -0.076708
-35 3 0.276222
-35 4 0.633118
-35 5 -0.348896
-35 6 0.162619
-35 7 -0.137096
-36 0 0.514695
-36 1 -0.221170
-36 2 -0.076676
-36 3 0.279949
-36 4 0.634001
-36 5 -0.348391
-36 6 0.167236
-36 7 -0.175129
-37 0 0.514879
-37 1 -0.218380
-37 2 -0.076644
-37 3 0.283675
-37 4 0.634884
-37 5 -0.347886
-37 6 0.171853
-37 7 -0.213161
-38 0 0.515063
-38 1 -0.215589
-38 2 -0.076612
-38 3 0.287401
-38 4 0.635767
-38 5 -0.347381
-38 6 0.176470
-38 7 -0.251194
-39 0 0.515248
-39 1 -0.212798
-39 2 -0.076580
-39 3 0.291128
-39 4 0.636650
-39 5 -0.346876
-39 6 0.181087
-39 7 -0.289226
-40 0 0.515432
-40 1 -0.210008
-40 2 -0.076548
-40 3 0.294854
-40 4 0.637534
-40 5 -0.346371
-40 6 0.185704
-40 7 -0.327259
-41 0 0.496655
-41 1 -0.207063
-41 2 -0.076518
-41 3 0.304661
-41 4 0.634176
-41 5 -0.345774
-41 6 0.173647
-41 7 -0.328728
-42 0 0.477877
-42 1 -0.204119
-42 2 -0.076487
-42 3 0.314468
-42 4 0.630819
-42 5 -0.345176
-42 6 0.161590
-42 7 -0.330198
-43 0 0.459099
-43 1 -0.201174
-43 2 -0.076457
-43 3 0.324275
-43 4 0.627461
-43 5 -0.344579
-43 6 0.149534
-43 7 -0.331667
-44 0 0.440321
-44 1 -0.198230
-44 2 -0.076426
-44 3 0.334082
-44 4 0.624104
-44 5 -0.343981
-44 6 0.137477
-44 7 -0.333137
-45 0 0.421544
-45 1 -0.195286
-45 2 -0.076395
-45 3 0.343889
-45 4 0.620747
-45 5 -0.343384
-45 6 0.125421
-45 7 -0.334606
-46 0 0.402766
-46 1 -0.192341
-46 2 -0.076365
-46 3 0.353696
-46 4 0.617389
-46 5 -0.342787
-46 6 0.113364
-46 7 -0.336076
-47 0 0.383988
-47 1 -0.189397
-47 2 -0.076334
-47 3 0.363503
-47 4 0.614032
-47 5 -0.342189
-47 6 0.101308
-47 7 -0.337545
-48 0 0.365211
-48 1 -0.186452
-48 2 -0.076304
-48 3 0.373310
-48 4 0.610675
-48 5 -0.341592
-48 6 0.089251
-48 7 -0.339015
-49 0 0.346780
-49 1 -0.183457
-49 2 -0.076275
-49 3 0.386891
-49 4 0.600854
-49 5 -0.340861
-49 6 0.080699
-49 7 -0.315129
-50 0 0.328348
-50 1 -0.180462
-50 2 -0.076247
-50 3 0.400472
-50 4 0.591033
-50 5 -0.340131
-50 6 0.072148
-50 7 -0.291243
-51 0 0.309917
-51 1 -0.177467
-51 2 -0.076219
-51 3 0.414054
-51 4 0.581211
-51 5 -0.339401
-51 6 0.063596
-51 7 -0.267357
-52 0 0.291486
-52 1 -0.174471
-52 2 -0.076191
-52 3 0.427635
-52 4 0.571390
-52 5 -0.338670
-52 6 0.055044
-52 7 -0.243471
-53 0 0.273055
-53 1 -0.171476
-53 2 -0.076163
-53 3 0.441217
-53 4 0.561569
-53 5 -0.337940
-53 6 0.046493
-53 7 -0.219586
-54 0 0.254624
-54 1 -0.168481
-54 2 -0.076134
-54 3 0.454798
-54 4 0.551748
-54 5 -0.337210
-54 6 0.037941
-54 7 -0.195700
-55 0 0.236193
-55 1 -0.165486
-55 2 -0.076106
-55 3 0.468379
-55 4 0.541927
-55 5 -0.336479
-55 6 0.029389
-55 7 -0.171814
-56 0 0.217761
-56 1 -0.162490
-56 2 -0.076078
-56 3 0.481961
-56 4 0.532106
-56 5 -0.335749
-56 6 0.020838
-56 7 -0.147928
-57 0 0.205190
-57 1 -0.267179
-57 2 -0.066568
-57 3 0.421716
-57 4 0.465593
-57 5 -0.293780
-57 6 0.018233
-57 7 -0.129437
-58 0 0.192618
-58 1 -0.371868
-58 2 -0.057058
-58 3 0.361471
-58 4 0.399079
-58 5 -0.251812
-58 6 0.015628
-58 7 -0.110946
-59 0 0.180046
-59 1 -0.476556
-59 2 -0.047549
-59 3 0.301225
-59 4 0.332566
-59 5 -0.209843
-59 6 0.013024
-59 7 -0.092455
-60 0 0.167474
-60 1 -0.581245
-60 2 -0.038039
-60 3 0.240980
-60 4 0.266053
-60 5 -0.167874
-60 6 0.010419
-60 7 -0.073964
-61 0 0.154903
-61 1 -0.685934
-61 2 -0.028529
-61 3 0.180735
-61 4 0.199540
-61 5 -0.125906
-61 6 0.007814
-61 7 -0.055473
-62 0 0.142331
-62 1 -0.790623
-62 2 -0.019019
-62 3 0.120490
-62 4 0.133026
-62 5 -0.083937
-62 6 0.005209
-62 7 -0.036982
-63 0 0.129759
-63 1 -0.895311
-63 2 -0.009510
-63 3 0.060245
-63 4 0.066513
-63 5 -0.041969
-63 6 0.002605
-63 7 -0.018491
-64 0 0.117188
-64 1 -1.000000
-64 2 0.000000
-64 3 0.000000
-64 4 0.000000
-64 5 0.000000
-64 6 0.000000
-64 7 0.000000
