24,-12
25,-12
26,-12
24,-11
25,-11
26,-11
24,-10
25,-10
26,-10
21,-12
22,-12
23,-12
21,-11
22,-11
23,-11
21,-10
22,-10
23,-10
21,-15
22,-15
23,-15
21,-14
22,-14
23,-14
21,-13
22,-13
23,-13
27,-15
28,-15
29,-15
27,-14
28,-14
29,-14
27,-13
28,-13
29,-13
27,-12
28,-12
29,-12
27,-11
28,-11
29,-11
27,-10
28,-10
29,-10
21,-18
22,-18
23,-18
21,-17
22,-17
23,-17
21,-16
22,-16
23,-16
24,-18
25,-18
26,-18
24,-17
25,-17
26,-17
24,-16
25,-16
26,-16
27,-18
28,-18
29,-18
27,-17
28,-17
29,-17
27,-16
28,-16
29,-16
24,-9
25,-9
26,-9
24,-8
25,-8
26,-8
24,-7
25,-7
26,-7
27,-9
28,-9
29,-9
27,-8
28,-8
29,-8
27,-7
28,-7
29,-7
21,-9
22,-9
23,-9
21,-8
22,-8
23,-8
21,-7
22,-7
23,-7
18,-12
19,-12
20,-12
18,-11
19,-11
20,-11
18,-10
19,-10
20,-10
18,-15
19,-15
20,-15
18,-14
19,-14
20,-14
18,-13
19,-13
20,-13
18,-18
19,-18
20,-18
18,-17
19,-17
20,-17
18,-16
19,-16
20,-16
30,-18
31,-18
32,-18
30,-17
31,-17
32,-17
30,-16
31,-16
32,-16
30,-15
31,-15
32,-15
30,-14
31,-14
32,-14
30,-13
31,-13
32,-13
30,-12
31,-12
32,-12
30,-11
31,-11
32,-11
30,-10
31,-10
32,-10
30,-9
31,-9
32,-9
30,-8
31,-8
32,-8
30,-7
31,-7
32,-7
18,-9
19,-9
20,-9
18,-8
19,-8
20,-8
18,-7
19,-7
20,-7
18,-21
19,-21
20,-21
18,-20
19,-20
20,-20
18,-19
19,-19
20,-19
21,-21
22,-21
23,-21
21,-20
22,-20
23,-20
21,-19
22,-19
23,-19
24,-21
25,-21
26,-21
24,-20
25,-20
26,-20
24,-19
25,-19
26,-19
27,-21
28,-21
29,-21
27,-20
28,-20
29,-20
27,-19
28,-19
29,-19
30,-21
31,-21
32,-21
30,-20
31,-20
32,-20
30,-19
31,-19
32,-19
24,-6
25,-6
26,-6
24,-5
25,-5
26,-5
24,-4
25,-4
26,-4
27,-6
28,-6
29,-6
27,-5
28,-5
29,-5
27,-4
28,-4
29,-4
30,-6
31,-6
32,-6
30,-5
31,-5
32,-5
30,-4
31,-4
32,-4
21,-6
22,-6
23,-6
21,-5
22,-5
23,-5
21,-4
22,-4
23,-4
18,-6
19,-6
20,-6
18,-5
19,-5
20,-5
18,-4
19,-4
20,-4
15,-15
16,-15
17,-15
15,-14
16,-14
17,-14
15,-13
16,-13
17,-13
15,-12
16,-12
17,-12
15,-11
16,-11
17,-11
15,-10
16,-10
17,-10
15,-18
16,-18
17,-18
15,-17
16,-17
17,-17
15,-16
16,-16
17,-16
15,-21
16,-21
17,-21
15,-20
16,-20
17,-20
15,-19
16,-19
17,-19
33,-15
34,-15
35,-15
33,-14
34,-14
35,-14
33,-13
34,-13
35,-13
33,-12
34,-12
35,-12
33,-11
34,-11
35,-11
33,-10
34,-10
35,-10
33,-9
34,-9
35,-9
33,-8
34,-8
35,-8
33,-7
34,-7
35,-7
33,-18
34,-18
35,-18
33,-17
34,-17
35,-17
33,-16
34,-16
35,-16
33,-21
34,-21
35,-21
33,-20
34,-20
35,-20
33,-19
34,-19
35,-19
15,-9
16,-9
17,-9
15,-8
16,-8
17,-8
15,-7
16,-7
17,-7
15,-6
16,-6
17,-6
15,-5
16,-5
17,-5
15,-4
16,-4
17,-4
33,-6
34,-6
35,-6
33,-5
34,-5
35,-5
33,-4
34,-4
35,-4
27,-24
28,-24
29,-24
27,-23
28,-23
29,-23
27,-22
28,-22
29,-22
24,-24
25,-24
26,-24
24,-23
25,-23
26,-23
24,-22
25,-22
26,-22
21,-24
22,-24
23,-24
21,-23
22,-23
23,-23
21,-22
22,-22
23,-22
18,-24
19,-24
20,-24
18,-23
19,-23
20,-23
18,-22
19,-22
20,-22
30,-24
31,-24
32,-24
30,-23
31,-23
32,-23
30,-22
31,-22
32,-22
33,-24
34,-24
35,-24
33,-23
34,-23
35,-23
33,-22
34,-22
35,-22
15,-24
16,-24
17,-24
15,-23
16,-23
17,-23
15,-22
16,-22
17,-22
198,198
199,198
200,198
198,199
199,199
200,199
198,200
199,200
200,200
201,198
202,198
203,198
201,199
202,199
203,199
201,200
202,200
203,200
201,201
202,201
203,201
201,202
202,202
203,202
201,203
202,203
203,203
198,201
199,201
200,201
198,202
199,202
200,202
198,203
199,203
200,203
201,195
202,195
203,195
201,196
202,196
203,196
201,197
202,197
203,197
198,195
199,195
200,195
198,196
199,196
200,196
198,197
199,197
200,197
195,198
196,198
197,198
195,199
196,199
197,199
195,200
196,200
197,200
195,201
196,201
197,201
195,202
196,202
197,202
195,203
196,203
197,203
195,195
196,195
197,195
195,196
196,196
197,196
195,197
196,197
197,197
204,195
205,195
206,195
204,196
205,196
206,196
204,197
205,197
206,197
204,198
205,198
206,198
204,199
205,199
206,199
204,200
205,200
206,200
204,201
205,201
206,201
204,202
205,202
206,202
204,203
205,203
206,203
195,204
196,204
197,204
195,205
196,205
197,205
195,206
196,206
197,206
198,204
199,204
200,204
198,205
199,205
200,205
198,206
199,206
200,206
201,204
202,204
203,204
201,205
202,205
203,205
201,206
202,206
203,206
204,204
205,204
206,204
204,205
205,205
206,205
204,206
205,206
206,206
204,192
205,192
206,192
204,193
205,193
206,193
204,194
205,194
206,194
201,192
202,192
203,192
201,193
202,193
203,193
201,194
202,194
203,194
198,192
199,192
200,192
198,193
199,193
200,193
198,194
199,194
200,194
195,192
196,192
197,192
195,193
196,193
197,193
195,194
196,194
197,194
192,204
193,204
194,204
192,205
193,205
194,205
192,206
193,206
194,206
192,198
193,198
194,198
192,199
193,199
194,199
192,200
193,200
194,200
192,201
193,201
194,201
192,202
193,202
194,202
192,203
193,203
194,203
192,195
193,195
194,195
192,196
193,196
194,196
192,197
193,197
194,197
192,192
193,192
194,192
192,193
193,193
194,193
192,194
193,194
194,194
195,207
196,207
197,207
195,208
196,208
197,208
195,209
196,209
197,209
207,201
208,201
209,201
207,202
208,202
209,202
207,203
208,203
209,203
192,207
193,207
194,207
192,208
193,208
194,208
192,209
193,209
194,209
204,207
205,207
206,207
204,208
205,208
206,208
204,209
205,209
206,209
198,207
199,207
200,207
198,208
199,208
200,208
198,209
199,209
200,209
201,207
202,207
203,207
201,208
202,208
203,208
201,209
202,209
203,209
207,204
208,204
209,204
207,205
208,205
209,205
207,206
208,206
209,206
207,198
208,198
209,198
207,199
208,199
209,199
207,200
208,200
209,200
207,195
208,195
209,195
207,196
208,196
209,196
207,197
208,197
209,197
207,192
208,192
209,192
207,193
208,193
209,193
207,194
208,194
209,194
207,207
208,207
209,207
207,208
208,208
209,208
207,209
208,209
209,209
204,189
205,189
206,189
204,190
205,190
206,190
204,191
205,191
206,191
198,189
199,189
200,189
198,190
199,190
200,190
198,191
199,191
200,191
201,189
202,189
203,189
201,190
202,190
203,190
201,191
202,191
203,191
189,207
190,207
191,207
189,208
190,208
191,208
189,209
190,209
191,209
189,198
190,198
191,198
189,199
190,199
191,199
189,200
190,200
191,200
189,204
190,204
191,204
189,205
190,205
191,205
189,206
190,206
191,206
189,201
190,201
191,201
189,202
190,202
191,202
189,203
190,203
191,203
195,189
196,189
197,189
195,190
196,190
197,190
195,191
196,191
197,191
192,189
193,189
194,189
192,190
193,190
194,190
192,191
193,191
194,191
207,189
208,189
209,189
207,190
208,190
209,190
207,191
208,191
209,191
189,195
190,195
191,195
189,196
190,196
191,196
189,197
190,197
191,197
189,192
190,192
191,192
189,193
190,193
191,193
189,194
190,194
191,194
189,189
190,189
191,189
189,190
190,190
191,190
189,191
190,191
191,191
216,198
217,198
218,198
216,199
217,199
218,199
216,200
217,200
218,200
219,198
220,198
221,198
219,199
220,199
221,199
219,200
220,200
221,200
222,198
223,198
224,198
222,199
223,199
224,199
222,200
223,200
224,200
222,201
223,201
224,201
222,202
223,202
224,202
222,203
223,203
224,203
225,198
226,198
227,198
225,199
226,199
227,199
225,200
226,200
227,200
225,201
226,201
227,201
225,202
226,202
227,202
225,203
226,203
227,203
219,201
220,201
221,201
219,202
220,202
221,202
219,203
220,203
221,203
216,201
217,201
218,201
216,202
217,202
218,202
216,203
217,203
218,203
213,198
214,198
215,198
213,199
214,199
215,199
213,200
214,200
215,200
213,201
214,201
215,201
213,202
214,202
215,202
213,203
214,203
215,203
219,195
220,195
221,195
219,196
220,196
221,196
219,197
220,197
221,197
222,195
223,195
224,195
222,196
223,196
224,196
222,197
223,197
224,197
225,195
226,195
227,195
225,196
226,196
227,196
225,197
226,197
227,197
219,204
220,204
221,204
219,205
220,205
221,205
219,206
220,206
221,206
225,204
226,204
227,204
225,205
226,205
227,205
225,206
226,206
227,206
216,195
217,195
218,195
216,196
217,196
218,196
216,197
217,197
218,197
222,204
223,204
224,204
222,205
223,205
224,205
222,206
223,206
224,206
216,204
217,204
218,204
216,205
217,205
218,205
216,206
217,206
218,206
228,204
229,204
230,204
228,205
229,205
230,205
228,206
229,206
230,206
228,201
229,201
230,201
228,202
229,202
230,202
228,203
229,203
230,203
213,195
214,195
215,195
213,196
214,196
215,196
213,197
214,197
215,197
228,198
229,198
230,198
228,199
229,199
230,199
228,200
229,200
230,200
228,195
229,195
230,195
228,196
229,196
230,196
228,197
229,197
230,197
213,204
214,204
215,204
213,205
214,205
215,205
213,206
214,206
215,206
216,192
217,192
218,192
216,193
217,193
218,193
216,194
217,194
218,194
228,192
229,192
230,192
228,193
229,193
230,193
228,194
229,194
230,194
219,192
220,192
221,192
219,193
220,193
221,193
219,194
220,194
221,194
222,192
223,192
224,192
222,193
223,193
224,193
222,194
223,194
224,194
225,192
226,192
227,192
225,193
226,193
227,193
225,194
226,194
227,194
216,207
217,207
218,207
216,208
217,208
218,208
216,209
217,209
218,209
219,207
220,207
221,207
219,208
220,208
221,208
219,209
220,209
221,209
222,207
223,207
224,207
222,208
223,208
224,208
222,209
223,209
224,209
225,207
226,207
227,207
225,208
226,208
227,208
225,209
226,209
227,209
228,207
229,207
230,207
228,208
229,208
230,208
228,209
229,209
230,209
213,192
214,192
215,192
213,193
214,193
215,193
213,194
214,194
215,194
213,207
214,207
215,207
213,208
214,208
215,208
213,209
214,209
215,209
231,198
232,198
233,198
231,199
232,199
233,199
231,200
232,200
233,200
231,201
232,201
233,201
231,202
232,202
233,202
231,203
232,203
233,203
231,195
232,195
233,195
231,196
232,196
233,196
231,197
232,197
233,197
231,204
232,204
233,204
231,205
232,205
233,205
231,206
232,206
233,206
231,207
232,207
233,207
231,208
232,208
233,208
231,209
232,209
233,209
231,192
232,192
233,192
231,193
232,193
233,193
231,194
232,194
233,194
213,189
214,189
215,189
213,190
214,190
215,190
213,191
214,191
215,191
216,189
217,189
218,189
216,190
217,190
218,190
216,191
217,191
218,191
219,189
220,189
221,189
219,190
220,190
221,190
219,191
220,191
221,191
222,189
223,189
224,189
222,190
223,190
224,190
222,191
223,191
224,191
225,189
226,189
227,189
225,190
226,190
227,190
225,191
226,191
227,191
228,189
229,189
230,189
228,190
229,190
230,190
228,191
229,191
230,191
231,189
232,189
233,189
231,190
232,190
233,190
231,191
232,191
233,191
243,198
244,198
245,198
243,199
244,199
245,199
243,200
244,200
245,200
246,198
247,198
248,198
246,199
247,199
248,199
246,200
247,200
248,200
240,198
241,198
242,198
240,199
241,199
242,199
240,200
241,200
242,200
246,201
247,201
248,201
246,202
247,202
248,202
246,203
247,203
248,203
243,201
244,201
245,201
243,202
244,202
245,202
243,203
244,203
245,203
240,201
241,201
242,201
240,202
241,202
242,202
240,203
241,203
242,203
249,201
250,201
251,201
249,202
250,202
251,202
249,203
250,203
251,203
249,198
250,198
251,198
249,199
250,199
251,199
249,200
250,200
251,200
237,201
238,201
239,201
237,202
238,202
239,202
237,203
238,203
239,203
237,198
238,198
239,198
237,199
238,199
239,199
237,200
238,200
239,200
243,195
244,195
245,195
243,196
244,196
245,196
243,197
244,197
245,197
246,195
247,195
248,195
246,196
247,196
248,196
246,197
247,197
248,197
249,195
250,195
251,195
249,196
250,196
251,196
249,197
250,197
251,197
252,201
253,201
254,201
252,202
253,202
254,202
252,203
253,203
254,203
252,195
253,195
254,195
252,196
253,196
254,196
252,197
253,197
254,197
252,198
253,198
254,198
252,199
253,199
254,199
252,200
253,200
254,200
243,204
244,204
245,204
243,205
244,205
245,205
243,206
244,206
245,206
246,204
247,204
248,204
246,205
247,205
248,205
246,206
247,206
248,206
249,204
250,204
251,204
249,205
250,205
251,205
249,206
250,206
251,206
252,204
253,204
254,204
252,205
253,205
254,205
252,206
253,206
254,206
240,195
241,195
242,195
240,196
241,196
242,196
240,197
241,197
242,197
240,204
241,204
242,204
240,205
241,205
242,205
240,206
241,206
242,206
237,204
238,204
239,204
237,205
238,205
239,205
237,206
238,206
239,206
237,195
238,195
239,195
237,196
238,196
239,196
237,197
238,197
239,197
240,192
241,192
242,192
240,193
241,193
242,193
240,194
241,194
242,194
243,192
244,192
245,192
243,193
244,193
245,193
243,194
244,194
245,194
246,192
247,192
248,192
246,193
247,193
248,193
246,194
247,194
248,194
249,192
250,192
251,192
249,193
250,193
251,193
249,194
250,194
251,194
252,192
253,192
254,192
252,193
253,193
254,193
252,194
253,194
254,194
237,192
238,192
239,192
237,193
238,193
239,193
237,194
238,194
239,194
240,207
241,207
242,207
240,208
241,208
242,208
240,209
241,209
242,209
255,204
256,204
257,204
255,205
256,205
257,205
255,206
256,206
257,206
243,207
244,207
245,207
243,208
244,208
245,208
243,209
244,209
245,209
246,207
247,207
248,207
246,208
247,208
248,208
246,209
247,209
248,209
249,207
250,207
251,207
249,208
250,208
251,208
249,209
250,209
251,209
252,207
253,207
254,207
252,208
253,208
254,208
252,209
253,209
254,209
255,207
256,207
257,207
255,208
256,208
257,208
255,209
256,209
257,209
255,201
256,201
257,201
255,202
256,202
257,202
255,203
256,203
257,203
255,198
256,198
257,198
255,199
256,199
257,199
255,200
256,200
257,200
255,195
256,195
257,195
255,196
256,196
257,196
255,197
256,197
257,197
255,192
256,192
257,192
255,193
256,193
257,193
255,194
256,194
257,194
237,207
238,207
239,207
237,208
238,208
239,208
237,209
238,209
239,209
237,189
238,189
239,189
237,190
238,190
239,190
237,191
238,191
239,191
240,189
241,189
242,189
240,190
241,190
242,190
240,191
241,191
242,191
243,189
244,189
245,189
243,190
244,190
245,190
243,191
244,191
245,191
246,189
247,189
248,189
246,190
247,190
248,190
246,191
247,191
248,191
249,189
250,189
251,189
249,190
250,190
251,190
249,191
250,191
251,191
252,189
253,189
254,189
252,190
253,190
254,190
252,191
253,191
254,191
255,189
256,189
257,189
255,190
256,190
257,190
255,191
256,191
257,191
267,198
268,198
269,198
267,199
268,199
269,199
267,200
268,200
269,200
270,198
271,198
272,198
270,199
271,199
272,199
270,200
271,200
272,200
264,198
265,198
266,198
264,199
265,199
266,199
264,200
265,200
266,200
264,201
265,201
266,201
264,202
265,202
266,202
264,203
265,203
266,203
261,198
262,198
263,198
261,199
262,199
263,199
261,200
262,200
263,200
261,201
262,201
263,201
261,202
262,202
263,202
261,203
262,203
263,203
267,201
268,201
269,201
267,202
268,202
269,202
267,203
268,203
269,203
270,201
271,201
272,201
270,202
271,202
272,202
270,203
271,203
272,203
273,198
274,198
275,198
273,199
274,199
275,199
273,200
274,200
275,200
273,201
274,201
275,201
273,202
274,202
275,202
273,203
274,203
275,203
267,195
268,195
269,195
267,196
268,196
269,196
267,197
268,197
269,197
270,195
271,195
272,195
270,196
271,196
272,196
270,197
271,197
272,197
273,195
274,195
275,195
273,196
274,196
275,196
273,197
274,197
275,197
264,195
265,195
266,195
264,196
265,196
266,196
264,197
265,197
266,197
261,195
262,195
263,195
261,196
262,196
263,196
261,197
262,197
263,197
267,204
268,204
269,204
267,205
268,205
269,205
267,206
268,206
269,206
270,204
271,204
272,204
270,205
271,205
272,205
270,206
271,206
272,206
276,195
277,195
278,195
276,196
277,196
278,196
276,197
277,197
278,197
276,198
277,198
278,198
276,199
277,199
278,199
276,200
277,200
278,200
276,201
277,201
278,201
276,202
277,202
278,202
276,203
277,203
278,203
273,204
274,204
275,204
273,205
274,205
275,205
273,206
274,206
275,206
276,204
277,204
278,204
276,205
277,205
278,205
276,206
277,206
278,206
264,204
265,204
266,204
264,205
265,205
266,205
264,206
265,206
266,206
264,192
265,192
266,192
264,193
265,193
266,193
264,194
265,194
266,194
267,192
268,192
269,192
267,193
268,193
269,193
267,194
268,194
269,194
270,192
271,192
272,192
270,193
271,193
272,193
270,194
271,194
272,194
273,192
274,192
275,192
273,193
274,193
275,193
273,194
274,194
275,194
276,192
277,192
278,192
276,193
277,193
278,193
276,194
277,194
278,194
261,204
262,204
263,204
261,205
262,205
263,205
261,206
262,206
263,206
261,192
262,192
263,192
261,193
262,193
263,193
261,194
262,194
263,194
279,192
280,192
281,192
279,193
280,193
281,193
279,194
280,194
281,194
279,198
280,198
281,198
279,199
280,199
281,199
279,200
280,200
281,200
279,195
280,195
281,195
279,196
280,196
281,196
279,197
280,197
281,197
279,201
280,201
281,201
279,202
280,202
281,202
279,203
280,203
281,203
279,204
280,204
281,204
279,205
280,205
281,205
279,206
280,206
281,206
270,207
271,207
272,207
270,208
271,208
272,208
270,209
271,209
272,209
267,207
268,207
269,207
267,208
268,208
269,208
267,209
268,209
269,209
273,207
274,207
275,207
273,208
274,208
275,208
273,209
274,209
275,209
261,207
262,207
263,207
261,208
262,208
263,208
261,209
262,209
263,209
264,207
265,207
266,207
264,208
265,208
266,208
264,209
265,209
266,209
276,207
277,207
278,207
276,208
277,208
278,208
276,209
277,209
278,209
279,207
280,207
281,207
279,208
280,208
281,208
279,209
280,209
281,209
261,189
262,189
263,189
261,190
262,190
263,190
261,191
262,191
263,191
264,189
265,189
266,189
264,190
265,190
266,190
264,191
265,191
266,191
276,189
277,189
278,189
276,190
277,190
278,190
276,191
277,191
278,191
273,189
274,189
275,189
273,190
274,190
275,190
273,191
274,191
275,191
270,189
271,189
272,189
270,190
271,190
272,190
270,191
271,191
272,191
267,189
268,189
269,189
267,190
268,190
269,190
267,191
268,191
269,191
279,189
280,189
281,189
279,190
280,190
281,190
279,191
280,191
281,191
294,198
295,198
296,198
294,199
295,199
296,199
294,200
295,200
296,200
291,198
292,198
293,198
291,199
292,199
293,199
291,200
292,200
293,200
291,201
292,201
293,201
291,202
292,202
293,202
291,203
292,203
293,203
288,198
289,198
290,198
288,199
289,199
290,199
288,200
289,200
290,200
288,201
289,201
290,201
288,202
289,202
290,202
288,203
289,203
290,203
285,201
286,201
287,201
285,202
286,202
287,202
285,203
286,203
287,203
285,198
286,198
287,198
285,199
286,199
287,199
285,200
286,200
287,200
294,201
295,201
296,201
294,202
295,202
296,202
294,203
295,203
296,203
297,198
298,198
299,198
297,199
298,199
299,199
297,200
298,200
299,200
297,201
298,201
299,201
297,202
298,202
299,202
297,203
298,203
299,203
291,195
292,195
293,195
291,196
292,196
293,196
291,197
292,197
293,197
294,195
295,195
296,195
294,196
295,196
296,196
294,197
295,197
296,197
297,195
298,195
299,195
297,196
298,196
299,196
297,197
298,197
299,197
291,204
292,204
293,204
291,205
292,205
293,205
291,206
292,206
293,206
288,195
289,195
290,195
288,196
289,196
290,196
288,197
289,197
290,197
294,204
295,204
296,204
294,205
295,205
296,205
294,206
295,206
296,206
288,204
289,204
290,204
288,205
289,205
290,205
288,206
289,206
290,206
297,204
298,204
299,204
297,205
298,205
299,205
297,206
298,206
299,206
285,195
286,195
287,195
285,196
286,196
287,196
285,197
286,197
287,197
285,204
286,204
287,204
285,205
286,205
287,205
285,206
286,206
287,206
300,201
301,201
302,201
300,202
301,202
302,202
300,203
301,203
302,203
300,204
301,204
302,204
300,205
301,205
302,205
300,206
301,206
302,206
300,198
301,198
302,198
300,199
301,199
302,199
300,200
301,200
302,200
300,195
301,195
302,195
300,196
301,196
302,196
300,197
301,197
302,197
288,192
289,192
290,192
288,193
289,193
290,193
288,194
289,194
290,194
291,192
292,192
293,192
291,193
292,193
293,193
291,194
292,194
293,194
300,192
301,192
302,192
300,193
301,193
302,193
300,194
301,194
302,194
297,192
298,192
299,192
297,193
298,193
299,193
297,194
298,194
299,194
294,192
295,192
296,192
294,193
295,193
296,193
294,194
295,194
296,194
288,207
289,207
290,207
288,208
289,208
290,208
288,209
289,209
290,209
291,207
292,207
293,207
291,208
292,208
293,208
291,209
292,209
293,209
285,192
286,192
287,192
285,193
286,193
287,193
285,194
286,194
287,194
285,207
286,207
287,207
285,208
286,208
287,208
285,209
286,209
287,209
294,207
295,207
296,207
294,208
295,208
296,208
294,209
295,209
296,209
303,192
304,192
305,192
303,193
304,193
305,193
303,194
304,194
305,194
303,195
304,195
305,195
303,196
304,196
305,196
303,197
304,197
305,197
303,198
304,198
305,198
303,199
304,199
305,199
303,200
304,200
305,200
303,201
304,201
305,201
303,202
304,202
305,202
303,203
304,203
305,203
303,204
304,204
305,204
303,205
304,205
305,205
303,206
304,206
305,206
297,207
298,207
299,207
297,208
298,208
299,208
297,209
298,209
299,209
300,207
301,207
302,207
300,208
301,208
302,208
300,209
301,209
302,209
303,207
304,207
305,207
303,208
304,208
305,208
303,209
304,209
305,209
285,189
286,189
287,189
285,190
286,190
287,190
285,191
286,191
287,191
288,189
289,189
290,189
288,190
289,190
290,190
288,191
289,191
290,191
291,189
292,189
293,189
291,190
292,190
293,190
291,191
292,191
293,191
294,189
295,189
296,189
294,190
295,190
296,190
294,191
295,191
296,191
297,189
298,189
299,189
297,190
298,190
299,190
297,191
298,191
299,191
300,189
301,189
302,189
300,190
301,190
302,190
300,191
301,191
302,191
303,189
304,189
305,189
303,190
304,190
305,190
303,191
304,191
305,191
312,198
313,198
314,198
312,199
313,199
314,199
312,200
313,200
314,200
315,198
316,198
317,198
315,199
316,199
317,199
315,200
316,200
317,200
318,198
319,198
320,198
318,199
319,199
320,199
318,200
319,200
320,200
309,198
310,198
311,198
309,199
310,199
311,199
309,200
310,200
311,200
318,201
319,201
320,201
318,202
319,202
320,202
318,203
319,203
320,203
315,201
316,201
317,201
315,202
316,202
317,202
315,203
316,203
317,203
321,198
322,198
323,198
321,199
322,199
323,199
321,200
322,200
323,200
321,201
322,201
323,201
321,202
322,202
323,202
321,203
322,203
323,203
312,201
313,201
314,201
312,202
313,202
314,202
312,203
313,203
314,203
309,201
310,201
311,201
309,202
310,202
311,202
309,203
310,203
311,203
315,195
316,195
317,195
315,196
316,196
317,196
315,197
316,197
317,197
318,195
319,195
320,195
318,196
319,196
320,196
318,197
319,197
320,197
321,195
322,195
323,195
321,196
322,196
323,196
321,197
322,197
323,197
312,195
313,195
314,195
312,196
313,196
314,196
312,197
313,197
314,197
315,204
316,204
317,204
315,205
316,205
317,205
315,206
316,206
317,206
318,204
319,204
320,204
318,205
319,205
320,205
318,206
319,206
320,206
309,195
310,195
311,195
309,196
310,196
311,196
309,197
310,197
311,197
312,204
313,204
314,204
312,205
313,205
314,205
312,206
313,206
314,206
321,204
322,204
323,204
321,205
322,205
323,205
321,206
322,206
323,206
324,204
325,204
326,204
324,205
325,205
326,205
324,206
325,206
326,206
309,204
310,204
311,204
309,205
310,205
311,205
309,206
310,206
311,206
324,201
325,201
326,201
324,202
325,202
326,202
324,203
325,203
326,203
324,198
325,198
326,198
324,199
325,199
326,199
324,200
325,200
326,200
324,195
325,195
326,195
324,196
325,196
326,196
324,197
325,197
326,197
312,192
313,192
314,192
312,193
313,193
314,193
312,194
313,194
314,194
315,192
316,192
317,192
315,193
316,193
317,193
315,194
316,194
317,194
318,192
319,192
320,192
318,193
319,193
320,193
318,194
319,194
320,194
321,192
322,192
323,192
321,193
322,193
323,193
321,194
322,194
323,194
309,192
310,192
311,192
309,193
310,193
311,193
309,194
310,194
311,194
324,192
325,192
326,192
324,193
325,193
326,193
324,194
325,194
326,194
315,207
316,207
317,207
315,208
316,208
317,208
315,209
316,209
317,209
312,207
313,207
314,207
312,208
313,208
314,208
312,209
313,209
314,209
309,207
310,207
311,207
309,208
310,208
311,208
309,209
310,209
311,209
318,207
319,207
320,207
318,208
319,208
320,208
318,209
319,209
320,209
321,207
322,207
323,207
321,208
322,208
323,208
321,209
322,209
323,209
324,207
325,207
326,207
324,208
325,208
326,208
324,209
325,209
326,209
327,207
328,207
329,207
327,208
328,208
329,208
327,209
328,209
329,209
327,204
328,204
329,204
327,205
328,205
329,205
327,206
328,206
329,206
327,192
328,192
329,192
327,193
328,193
329,193
327,194
328,194
329,194
327,201
328,201
329,201
327,202
328,202
329,202
327,203
328,203
329,203
327,195
328,195
329,195
327,196
328,196
329,196
327,197
328,197
329,197
327,198
328,198
329,198
327,199
328,199
329,199
327,200
328,200
329,200
309,189
310,189
311,189
309,190
310,190
311,190
309,191
310,191
311,191
312,189
313,189
314,189
312,190
313,190
314,190
312,191
313,191
314,191
315,189
316,189
317,189
315,190
316,190
317,190
315,191
316,191
317,191
318,189
319,189
320,189
318,190
319,190
320,190
318,191
319,191
320,191
321,189
322,189
323,189
321,190
322,190
323,190
321,191
322,191
323,191
324,189
325,189
326,189
324,190
325,190
326,190
324,191
325,191
326,191
327,189
328,189
329,189
327,190
328,190
329,190
327,191
328,191
329,191