[RESULT] powder_snow total = 1026
  PW (0, 134, -12)
  PW (0, 134, -11)
  PW (0, 134, -10)
  PW (0, 133, -9)
  PW (0, 131, -8)
  PW (0, 132, -8)
  PW (0, 133, -8)
  PW (0, 131, -7)
  PW (0, 132, -7)
  PW (0, 133, -7)
  PW (0, 130, -6)
  PW (0, 131, -6)
  PW (0, 132, -6)
  PW (0, 130, -5)
  PW (0, 131, -5)
  PW (0, 132, -5)
  PW (0, 129, -4)
  PW (0, 130, -4)
  PW (0, 131, -4)
  PW (0, 129, -3)
  PW (0, 130, -3)
  PW (0, 131, -3)
  PW (0, 128, -2)
  PW (0, 129, -2)
  PW (0, 130, -2)
  PW (0, 127, -1)
  PW (0, 128, -1)
  PW (0, 129, -1)
  PW (1, 134, -12)
  PW (1, 134, -11)
  PW (1, 133, -10)
  PW (1, 131, -9)
  PW (1, 132, -9)
  PW (1, 133, -9)
  PW (1, 131, -8)
  PW (1, 132, -8)
  PW (1, 133, -8)
  PW (1, 130, -7)
  PW (1, 131, -7)
  PW (1, 132, -7)
  PW (1, 130, -6)
  PW (1, 131, -6)
  PW (1, 132, -6)
  PW (1, 129, -5)
  PW (1, 130, -5)
  PW (1, 131, -5)
  PW (1, 128, -4)
  PW (1, 129, -4)
  PW (1, 130, -4)
  PW (1, 127, -3)
  PW (1, 128, -3)
  PW (1, 129, -3)
  PW (1, 127, -2)
  PW (1, 128, -2)
  PW (1, 129, -2)
  PW (1, 126, -1)
  PW (1, 127, -1)
  PW (1, 128, -1)
  PW (2, 134, -12)
  PW (2, 133, -11)
  PW (2, 131, -10)
  PW (2, 132, -10)
  PW (2, 133, -10)
  PW (2, 130, -9)
  PW (2, 131, -9)
  PW (2, 132, -9)
  PW (2, 130, -8)
  PW (2, 131, -8)
  PW (2, 132, -8)
  PW (2, 129, -7)
  PW (2, 130, -7)
  PW (2, 131, -7)
  PW (2, 129, -6)
  PW (2, 130, -6)
  PW (2, 131, -6)
  PW (2, 128, -5)
  PW (2, 129, -5)
  PW (2, 130, -5)
  PW (2, 127, -4)
  PW (2, 128, -4)
  PW (2, 129, -4)
  PW (2, 126, -3)
  PW (2, 127, -3)
  PW (2, 128, -3)
  PW (2, 125, -2)
  PW (2, 126, -2)
  PW (2, 127, -2)
  PW (2, 125, -1)
  PW (2, 126, -1)
  PW (2, 127, -1)
  PW (3, 133, -13)
  PW (3, 133, -12)
  PW (3, 133, -11)
  PW (3, 130, -10)
  PW (3, 131, -10)
  PW (3, 132, -10)
  PW (3, 130, -9)
  PW (3, 131, -9)
  PW (3, 132, -9)
  PW (3, 129, -8)
  PW (3, 130, -8)
  PW (3, 131, -8)
  PW (3, 128, -7)
  PW (3, 129, -7)
  PW (3, 130, -7)
  PW (3, 127, -6)
  PW (3, 128, -6)
  PW (3, 129, -6)
  PW (3, 126, -5)
  PW (3, 127, -5)
  PW (3, 128, -5)
  PW (3, 125, -4)
  PW (3, 126, -4)
  PW (3, 127, -4)
  PW (3, 127, -3)
  PW (3, 127, -2)
  PW (3, 127, -1)
  PW (4, 133, -13)
  PW (4, 133, -12)
  PW (4, 132, -11)
  PW (4, 130, -10)
  PW (4, 131, -10)
  PW (4, 132, -10)
  PW (4, 129, -9)
  PW (4, 130, -9)
  PW (4, 131, -9)
  PW (4, 127, -8)
  PW (4, 128, -8)
  PW (4, 129, -8)
  PW (4, 126, -7)
  PW (4, 127, -7)
  PW (4, 128, -7)
  PW (4, 125, -6)
  PW (4, 126, -6)
  PW (4, 127, -6)
  PW (4, 125, -5)
  PW (4, 126, -5)
  PW (4, 127, -5)
  PW (4, 124, -4)
  PW (4, 125, -4)
  PW (4, 126, -4)
  PW (4, 126, -3)
  PW (4, 126, -2)
  PW (4, 126, -1)
  PW (5, 133, -16)
  PW (5, 133, -15)
  PW (5, 133, -14)
  PW (5, 132, -13)
  PW (5, 132, -12)
  PW (5, 131, -11)
  PW (5, 129, -10)
  PW (5, 130, -10)
  PW (5, 131, -10)
  PW (5, 128, -9)
  PW (5, 129, -9)
  PW (5, 130, -9)
  PW (5, 126, -8)
  PW (5, 127, -8)
  PW (5, 128, -8)
  PW (5, 125, -7)
  PW (5, 126, -7)
  PW (5, 127, -7)
  PW (5, 125, -6)
  PW (5, 126, -6)
  PW (5, 127, -6)
  PW (5, 125, -5)
  PW (5, 126, -5)
  PW (5, 127, -5)
  PW (5, 124, -4)
  PW (5, 125, -4)
  PW (5, 126, -4)
  PW (5, 126, -3)
  PW (5, 126, -2)
  PW (5, 126, -1)
  PW (6, 132, -16)
  PW (6, 132, -15)
  PW (6, 132, -14)
  PW (6, 132, -13)
  PW (6, 131, -12)
  PW (6, 128, -11)
  PW (6, 129, -11)
  PW (6, 130, -11)
  PW (6, 128, -10)
  PW (6, 129, -10)
  PW (6, 130, -10)
  PW (6, 126, -9)
  PW (6, 127, -9)
  PW (6, 128, -9)
  PW (6, 125, -8)
  PW (6, 126, -8)
  PW (6, 127, -8)
  PW (6, 125, -7)
  PW (6, 126, -7)
  PW (6, 127, -7)
  PW (6, 125, -6)
  PW (6, 126, -6)
  PW (6, 127, -6)
  PW (6, 124, -5)
  PW (6, 125, -5)
  PW (6, 126, -5)
  PW (6, 124, -4)
  PW (6, 125, -4)
  PW (6, 126, -4)
  PW (6, 126, -3)
  PW (6, 126, -2)
  PW (6, 126, -1)
  PW (7, 132, -16)
  PW (7, 131, -15)
  PW (7, 131, -14)
  PW (7, 131, -13)
  PW (7, 128, -12)
  PW (7, 129, -12)
  PW (7, 130, -12)
  PW (7, 127, -11)
  PW (7, 128, -11)
  PW (7, 129, -11)
  PW (7, 126, -10)
  PW (7, 127, -10)
  PW (7, 128, -10)
  PW (7, 125, -9)
  PW (7, 126, -9)
  PW (7, 127, -9)
  PW (7, 125, -8)
  PW (7, 126, -8)
  PW (7, 127, -8)
  PW (7, 125, -7)
  PW (7, 126, -7)
  PW (7, 127, -7)
  PW (7, 124, -6)
  PW (7, 125, -6)
  PW (7, 126, -6)
  PW (7, 124, -5)
  PW (7, 125, -5)
  PW (7, 126, -5)
  PW (7, 124, -4)
  PW (7, 125, -4)
  PW (7, 126, -4)
  PW (7, 126, -3)
  PW (7, 125, -2)
  PW (7, 125, -1)
  PW (8, 129, -16)
  PW (8, 130, -16)
  PW (8, 131, -16)
  PW (8, 128, -15)
  PW (8, 129, -15)
  PW (8, 130, -15)
  PW (8, 128, -14)
  PW (8, 129, -14)
  PW (8, 130, -14)
  PW (8, 127, -13)
  PW (8, 128, -13)
  PW (8, 129, -13)
  PW (8, 126, -12)
  PW (8, 127, -12)
  PW (8, 128, -12)
  PW (8, 125, -11)
  PW (8, 126, -11)
  PW (8, 127, -11)
  PW (8, 125, -10)
  PW (8, 126, -10)
  PW (8, 127, -10)
  PW (8, 125, -9)
  PW (8, 126, -9)
  PW (8, 127, -9)
  PW (8, 124, -8)
  PW (8, 125, -8)
  PW (8, 126, -8)
  PW (8, 124, -7)
  PW (8, 125, -7)
  PW (8, 126, -7)
  PW (8, 124, -6)
  PW (8, 125, -6)
  PW (8, 126, -6)
  PW (8, 124, -5)
  PW (8, 125, -5)
  PW (8, 126, -5)
  PW (8, 124, -4)
  PW (8, 125, -4)
  PW (8, 126, -4)
  PW (8, 125, -3)
  PW (8, 125, -2)
  PW (8, 125, -1)
  PW (9, 128, -16)
  PW (9, 129, -16)
  PW (9, 130, -16)
  PW (9, 127, -15)
  PW (9, 128, -15)
  PW (9, 129, -15)
  PW (9, 126, -14)
  PW (9, 127, -14)
  PW (9, 128, -14)
  PW (9, 126, -13)
  PW (9, 127, -13)
  PW (9, 128, -13)
  PW (9, 125, -12)
  PW (9, 126, -12)
  PW (9, 127, -12)
  PW (9, 125, -11)
  PW (9, 126, -11)
  PW (9, 127, -11)
  PW (9, 125, -10)
  PW (9, 126, -10)
  PW (9, 127, -10)
  PW (9, 124, -9)
  PW (9, 125, -9)
  PW (9, 126, -9)
  PW (9, 124, -8)
  PW (9, 125, -8)
  PW (9, 126, -8)
  PW (9, 124, -7)
  PW (9, 125, -7)
  PW (9, 126, -7)
  PW (9, 124, -6)
  PW (9, 125, -6)
  PW (9, 126, -6)
  PW (9, 124, -5)
  PW (9, 125, -5)
  PW (9, 126, -5)
  PW (9, 123, -4)
  PW (9, 124, -4)
  PW (9, 125, -4)
  PW (9, 123, -3)
  PW (9, 124, -3)
  PW (9, 125, -3)
  PW (9, 125, -2)
  PW (9, 125, -1)
  PW (10, 126, -16)
  PW (10, 127, -16)
  PW (10, 128, -16)
  PW (10, 125, -15)
  PW (10, 126, -15)
  PW (10, 127, -15)
  PW (10, 125, -14)
  PW (10, 126, -14)
  PW (10, 127, -14)
  PW (10, 125, -13)
  PW (10, 126, -13)
  PW (10, 127, -13)
  PW (10, 125, -12)
  PW (10, 126, -12)
  PW (10, 127, -12)
  PW (10, 125, -11)
  PW (10, 126, -11)
  PW (10, 127, -11)
  PW (10, 124, -10)
  PW (10, 125, -10)
  PW (10, 126, -10)
  PW (10, 124, -9)
  PW (10, 125, -9)
  PW (10, 126, -9)
  PW (10, 124, -8)
  PW (10, 125, -8)
  PW (10, 126, -8)
  PW (10, 124, -7)
  PW (10, 125, -7)
  PW (10, 126, -7)
  PW (10, 123, -6)
  PW (10, 124, -6)
  PW (10, 125, -6)
  PW (10, 123, -5)
  PW (10, 124, -5)
  PW (10, 125, -5)
  PW (10, 123, -4)
  PW (10, 124, -4)
  PW (10, 125, -4)
  PW (10, 123, -3)
  PW (10, 124, -3)
  PW (10, 125, -3)
  PW (10, 125, -2)
  PW (10, 125, -1)
  PW (11, 125, -16)
  PW (11, 126, -16)
  PW (11, 127, -16)
  PW (11, 125, -15)
  PW (11, 126, -15)
  PW (11, 127, -15)
  PW (11, 125, -14)
  PW (11, 126, -14)
  PW (11, 127, -14)
  PW (11, 124, -13)
  PW (11, 125, -13)
  PW (11, 126, -13)
  PW (11, 124, -12)
  PW (11, 125, -12)
  PW (11, 126, -12)
  PW (11, 124, -11)
  PW (11, 125, -11)
  PW (11, 126, -11)
  PW (11, 124, -10)
  PW (11, 125, -10)
  PW (11, 126, -10)
  PW (11, 124, -9)
  PW (11, 125, -9)
  PW (11, 126, -9)
  PW (11, 123, -8)
  PW (11, 124, -8)
  PW (11, 125, -8)
  PW (11, 123, -7)
  PW (11, 124, -7)
  PW (11, 125, -7)
  PW (11, 123, -6)
  PW (11, 124, -6)
  PW (11, 125, -6)
  PW (11, 123, -5)
  PW (11, 124, -5)
  PW (11, 125, -5)
  PW (11, 123, -4)
  PW (11, 124, -4)
  PW (11, 125, -4)
  PW (11, 123, -3)
  PW (11, 124, -3)
  PW (11, 125, -3)
  PW (11, 123, -2)
  PW (11, 124, -2)
  PW (11, 125, -2)
  PW (11, 125, -1)
  PW (12, 124, -16)
  PW (12, 125, -16)
  PW (12, 126, -16)
  PW (12, 124, -15)
  PW (12, 125, -15)
  PW (12, 126, -15)
  PW (12, 124, -14)
  PW (12, 125, -14)
  PW (12, 126, -14)
  PW (12, 124, -13)
  PW (12, 125, -13)
  PW (12, 126, -13)
  PW (12, 124, -12)
  PW (12, 125, -12)
  PW (12, 126, -12)
  PW (12, 123, -11)
  PW (12, 124, -11)
  PW (12, 125, -11)
  PW (12, 123, -10)
  PW (12, 124, -10)
  PW (12, 125, -10)
  PW (12, 123, -9)
  PW (12, 124, -9)
  PW (12, 125, -9)
  PW (12, 123, -8)
  PW (12, 124, -8)
  PW (12, 125, -8)
  PW (12, 123, -7)
  PW (12, 124, -7)
  PW (12, 125, -7)
  PW (12, 123, -6)
  PW (12, 124, -6)
  PW (12, 125, -6)
  PW (12, 123, -5)
  PW (12, 124, -5)
  PW (12, 125, -5)
  PW (12, 123, -4)
  PW (12, 124, -4)
  PW (12, 125, -4)
  PW (12, 123, -3)
  PW (12, 124, -3)
  PW (12, 125, -3)
  PW (12, 123, -2)
  PW (12, 124, -2)
  PW (12, 125, -2)
  PW (12, 124, -1)
  PW (13, 124, -16)
  PW (13, 125, -16)
  PW (13, 126, -16)
  PW (13, 124, -15)
  PW (13, 125, -15)
  PW (13, 126, -15)
  PW (13, 124, -14)
  PW (13, 125, -14)
  PW (13, 126, -14)
  PW (13, 124, -13)
  PW (13, 125, -13)
  PW (13, 126, -13)
  PW (13, 124, -12)
  PW (13, 125, -12)
  PW (13, 126, -12)
  PW (13, 123, -11)
  PW (13, 124, -11)
  PW (13, 125, -11)
  PW (13, 123, -10)
  PW (13, 124, -10)
  PW (13, 125, -10)
  PW (13, 123, -9)
  PW (13, 124, -9)
  PW (13, 125, -9)
  PW (13, 123, -8)
  PW (13, 124, -8)
  PW (13, 125, -8)
  PW (13, 123, -7)
  PW (13, 124, -7)
  PW (13, 125, -7)
  PW (13, 123, -6)
  PW (13, 124, -6)
  PW (13, 125, -6)
  PW (13, 123, -5)
  PW (13, 124, -5)
  PW (13, 125, -5)
  PW (13, 123, -4)
  PW (13, 124, -4)
  PW (13, 125, -4)
  PW (13, 123, -3)
  PW (13, 124, -3)
  PW (13, 125, -3)
  PW (13, 123, -2)
  PW (13, 124, -2)
  PW (13, 125, -2)
  PW (13, 123, -1)
  PW (13, 124, -1)
  PW (13, 125, -1)
  PW (14, 125, -16)
  PW (14, 123, -15)
  PW (14, 124, -15)
  PW (14, 125, -15)
  PW (14, 123, -14)
  PW (14, 124, -14)
  PW (14, 125, -14)
  PW (14, 124, -13)
  PW (14, 125, -13)
  PW (14, 126, -13)
  PW (14, 124, -12)
  PW (14, 125, -12)
  PW (14, 126, -12)
  PW (14, 124, -11)
  PW (14, 125, -11)
  PW (14, 126, -11)
  PW (14, 124, -10)
  PW (14, 125, -10)
  PW (14, 126, -10)
  PW (14, 123, -9)
  PW (14, 124, -9)
  PW (14, 125, -9)
  PW (14, 123, -8)
  PW (14, 124, -8)
  PW (14, 125, -8)
  PW (14, 124, -7)
  PW (14, 125, -7)
  PW (14, 126, -7)
  PW (14, 124, -6)
  PW (14, 125, -6)
  PW (14, 126, -6)
  PW (14, 124, -5)
  PW (14, 125, -5)
  PW (14, 126, -5)
  PW (14, 124, -4)
  PW (14, 125, -4)
  PW (14, 126, -4)
  PW (14, 124, -3)
  PW (14, 125, -3)
  PW (14, 126, -3)
  PW (14, 124, -2)
  PW (14, 125, -2)
  PW (14, 126, -2)
  PW (14, 126, -1)
  PW (15, 125, -16)
  PW (15, 125, -15)
  PW (15, 123, -14)
  PW (15, 124, -14)
  PW (15, 125, -14)
  PW (15, 123, -13)
  PW (15, 124, -13)
  PW (15, 125, -13)
  PW (15, 124, -12)
  PW (15, 125, -12)
  PW (15, 126, -12)
  PW (15, 124, -11)
  PW (15, 125, -11)
  PW (15, 126, -11)
  PW (15, 124, -10)
  PW (15, 125, -10)
  PW (15, 126, -10)
  PW (15, 124, -9)
  PW (15, 125, -9)
  PW (15, 126, -9)
  PW (15, 124, -8)
  PW (15, 125, -8)
  PW (15, 126, -8)
  PW (15, 124, -7)
  PW (15, 125, -7)
  PW (15, 126, -7)
  PW (15, 124, -6)
  PW (15, 125, -6)
  PW (15, 126, -6)
  PW (15, 125, -5)
  PW (15, 126, -5)
  PW (15, 127, -5)
  PW (15, 125, -4)
  PW (15, 126, -4)
  PW (15, 127, -4)
  PW (15, 125, -3)
  PW (15, 126, -3)
  PW (15, 127, -3)
  PW (15, 125, -2)
  PW (15, 126, -2)
  PW (15, 127, -2)
  PW (15, 127, -1)
  PW (16, 123, -16)
  PW (16, 124, -15)
  PW (16, 122, -14)
  PW (16, 123, -14)
  PW (16, 124, -14)
  PW (16, 123, -13)
  PW (16, 124, -13)
  PW (16, 125, -13)
  PW (16, 124, -12)
  PW (16, 125, -12)
  PW (16, 126, -12)
  PW (16, 124, -11)
  PW (16, 125, -11)
  PW (16, 126, -11)
  PW (16, 124, -10)
  PW (16, 125, -10)
  PW (16, 126, -10)
  PW (16, 125, -9)
  PW (16, 126, -9)
  PW (16, 127, -9)
  PW (16, 125, -8)
  PW (16, 126, -8)
  PW (16, 127, -8)
  PW (16, 125, -7)
  PW (16, 126, -7)
  PW (16, 127, -7)
  PW (16, 125, -6)
  PW (16, 126, -6)
  PW (16, 127, -6)
  PW (16, 126, -5)
  PW (16, 127, -5)
  PW (16, 128, -5)
  PW (16, 126, -4)
  PW (16, 127, -4)
  PW (16, 128, -4)
  PW (16, 126, -3)
  PW (16, 127, -3)
  PW (16, 128, -3)
  PW (16, 126, -2)
  PW (16, 127, -2)
  PW (16, 128, -2)
  PW (16, 129, -1)
  PW (17, 124, -16)
  PW (17, 124, -15)
  PW (17, 124, -14)
  PW (17, 123, -13)
  PW (17, 124, -13)
  PW (17, 125, -13)
  PW (17, 124, -12)
  PW (17, 125, -12)
  PW (17, 126, -12)
  PW (17, 124, -11)
  PW (17, 125, -11)
  PW (17, 126, -11)
  PW (17, 124, -10)
  PW (17, 125, -10)
  PW (17, 126, -10)
  PW (17, 124, -9)
  PW (17, 125, -9)
  PW (17, 126, -9)
  PW (17, 125, -8)
  PW (17, 126, -8)
  PW (17, 127, -8)
  PW (17, 125, -7)
  PW (17, 126, -7)
  PW (17, 127, -7)
  PW (17, 125, -6)
  PW (17, 126, -6)
  PW (17, 127, -6)
  PW (17, 126, -5)
  PW (17, 127, -5)
  PW (17, 128, -5)
  PW (17, 126, -4)
  PW (17, 127, -4)
  PW (17, 128, -4)
  PW (17, 126, -3)
  PW (17, 127, -3)
  PW (17, 128, -3)
  PW (17, 126, -2)
  PW (17, 127, -2)
  PW (17, 128, -2)
  PW (17, 126, -1)
  PW (17, 127, -1)
  PW (17, 128, -1)
  PW (18, 124, -16)
  PW (18, 124, -15)
  PW (18, 124, -14)
  PW (18, 125, -13)
  PW (18, 123, -12)
  PW (18, 124, -12)
  PW (18, 125, -12)
  PW (18, 124, -11)
  PW (18, 125, -11)
  PW (18, 126, -11)
  PW (18, 124, -10)
  PW (18, 125, -10)
  PW (18, 126, -10)
  PW (18, 124, -9)
  PW (18, 125, -9)
  PW (18, 126, -9)
  PW (18, 125, -8)
  PW (18, 126, -8)
  PW (18, 127, -8)
  PW (18, 125, -7)
  PW (18, 126, -7)
  PW (18, 127, -7)
  PW (18, 125, -6)
  PW (18, 126, -6)
  PW (18, 127, -6)
  PW (18, 126, -5)
  PW (18, 127, -5)
  PW (18, 128, -5)
  PW (18, 126, -4)
  PW (18, 127, -4)
  PW (18, 128, -4)
  PW (18, 126, -3)
  PW (18, 127, -3)
  PW (18, 128, -3)
  PW (18, 126, -2)
  PW (18, 127, -2)
  PW (18, 128, -2)
  PW (18, 126, -1)
  PW (18, 127, -1)
  PW (18, 128, -1)
  PW (19, 124, -16)
  PW (19, 124, -15)
  PW (19, 125, -14)
  PW (19, 125, -13)
  PW (19, 123, -12)
  PW (19, 124, -12)
  PW (19, 125, -12)
  PW (19, 123, -11)
  PW (19, 124, -11)
  PW (19, 125, -11)
  PW (19, 124, -10)
  PW (19, 125, -10)
  PW (19, 126, -10)
  PW (19, 124, -9)
  PW (19, 125, -9)
  PW (19, 126, -9)
  PW (19, 125, -8)
  PW (19, 126, -8)
  PW (19, 127, -8)
  PW (19, 125, -7)
  PW (19, 126, -7)
  PW (19, 127, -7)
  PW (19, 125, -6)
  PW (19, 126, -6)
  PW (19, 127, -6)
  PW (19, 125, -5)
  PW (19, 126, -5)
  PW (19, 127, -5)
  PW (19, 126, -4)
  PW (19, 127, -4)
  PW (19, 128, -4)
  PW (19, 126, -3)
  PW (19, 127, -3)
  PW (19, 128, -3)
  PW (19, 126, -2)
  PW (19, 127, -2)
  PW (19, 128, -2)
  PW (19, 126, -1)
  PW (19, 127, -1)
  PW (19, 128, -1)
  PW (20, 125, -15)
  PW (20, 125, -14)
  PW (20, 124, -13)
  PW (20, 124, -12)
  PW (20, 125, -11)
  PW (20, 124, -10)
  PW (20, 125, -10)
  PW (20, 126, -10)
  PW (20, 124, -9)
  PW (20, 125, -9)
  PW (20, 126, -9)
  PW (20, 124, -8)
  PW (20, 125, -8)
  PW (20, 126, -8)
  PW (20, 125, -7)
  PW (20, 126, -7)
  PW (20, 127, -7)
  PW (20, 125, -6)
  PW (20, 126, -6)
  PW (20, 127, -6)
  PW (20, 125, -5)
  PW (20, 126, -5)
  PW (20, 127, -5)
  PW (20, 126, -4)
  PW (20, 127, -4)
  PW (20, 128, -4)
  PW (20, 126, -3)
  PW (20, 127, -3)
  PW (20, 128, -3)
  PW (20, 126, -2)
  PW (20, 127, -2)
  PW (20, 128, -2)
  PW (20, 126, -1)
  PW (20, 127, -1)
  PW (20, 128, -1)
  PW (21, 124, -15)
  PW (21, 124, -14)
  PW (21, 124, -13)
  PW (21, 124, -12)
  PW (21, 125, -11)
  PW (21, 125, -10)
  PW (21, 126, -9)
  PW (21, 126, -8)
  PW (21, 125, -7)
  PW (21, 126, -7)
  PW (21, 127, -7)
  PW (21, 125, -6)
  PW (21, 126, -6)
  PW (21, 127, -6)
  PW (21, 125, -5)
  PW (21, 126, -5)
  PW (21, 127, -5)
  PW (21, 125, -4)
  PW (21, 126, -4)
  PW (21, 127, -4)
  PW (21, 125, -3)
  PW (21, 126, -3)
  PW (21, 127, -3)
  PW (21, 126, -2)
  PW (21, 127, -2)
  PW (21, 128, -2)
  PW (21, 126, -1)
  PW (21, 127, -1)
  PW (21, 128, -1)
  PW (22, 123, -14)
  PW (22, 124, -13)
  PW (22, 124, -12)
  PW (22, 124, -11)
  PW (22, 125, -10)
  PW (22, 125, -9)
  PW (22, 126, -8)
  PW (22, 126, -7)
  PW (22, 125, -6)
  PW (22, 126, -6)
  PW (22, 127, -6)
  PW (22, 125, -5)
  PW (22, 126, -5)
  PW (22, 127, -5)
  PW (22, 125, -4)
  PW (22, 126, -4)
  PW (22, 127, -4)
  PW (22, 125, -3)
  PW (22, 126, -3)
  PW (22, 127, -3)
  PW (22, 125, -2)
  PW (22, 126, -2)
  PW (22, 127, -2)
  PW (22, 126, -1)
  PW (22, 127, -1)
  PW (22, 128, -1)
  PW (23, 123, -13)
  PW (23, 123, -12)
  PW (23, 124, -11)
  PW (23, 124, -10)
  PW (23, 125, -9)
  PW (23, 126, -8)
  PW (23, 126, -7)
  PW (23, 124, -6)
  PW (23, 125, -6)
  PW (23, 126, -6)
  PW (23, 124, -5)
  PW (23, 125, -5)
  PW (23, 126, -5)
  PW (23, 125, -4)
  PW (23, 126, -4)
  PW (23, 127, -4)
  PW (23, 125, -3)
  PW (23, 126, -3)
  PW (23, 127, -3)
  PW (23, 125, -2)
  PW (23, 126, -2)
  PW (23, 127, -2)
  PW (23, 125, -1)
  PW (23, 126, -1)
  PW (23, 127, -1)
  PW (24, 123, -13)
  PW (24, 123, -12)
  PW (24, 124, -11)
  PW (24, 124, -10)
  PW (24, 125, -9)
  PW (24, 125, -8)
  PW (24, 126, -7)
  PW (24, 126, -6)
  PW (24, 124, -5)
  PW (24, 125, -5)
  PW (24, 126, -5)
  PW (24, 124, -4)
  PW (24, 125, -4)
  PW (24, 126, -4)
  PW (24, 125, -3)
  PW (24, 126, -3)
  PW (24, 127, -3)
  PW (24, 125, -2)
  PW (24, 126, -2)
  PW (24, 127, -2)
  PW (24, 125, -1)
  PW (24, 126, -1)
  PW (24, 127, -1)
  PW (25, 123, -12)
  PW (25, 123, -11)
  PW (25, 124, -10)
  PW (25, 124, -9)
  PW (25, 125, -8)
  PW (25, 125, -7)
  PW (25, 125, -6)
  PW (25, 123, -5)
  PW (25, 124, -5)
  PW (25, 125, -5)
  PW (25, 123, -4)
  PW (25, 124, -4)
  PW (25, 125, -4)
  PW (25, 124, -3)
  PW (25, 125, -3)
  PW (25, 126, -3)
  PW (25, 124, -2)
  PW (25, 125, -2)
  PW (25, 126, -2)
  PW (25, 124, -1)
  PW (25, 125, -1)
  PW (25, 126, -1)
  PW (26, 122, -12)
  PW (26, 122, -11)
  PW (26, 123, -10)
  PW (26, 123, -9)
  PW (26, 124, -8)
  PW (26, 124, -7)
  PW (26, 124, -6)
  PW (26, 124, -5)
  PW (26, 122, -4)
  PW (26, 123, -4)
  PW (26, 124, -4)
  PW (26, 123, -3)
  PW (26, 124, -3)
  PW (26, 125, -3)
  PW (26, 123, -2)
  PW (26, 124, -2)
  PW (26, 125, -2)
  PW (26, 123, -1)
  PW (26, 124, -1)
  PW (26, 125, -1)
  PW (27, 121, -12)
  PW (27, 122, -11)
  PW (27, 122, -10)
  PW (27, 123, -9)
  PW (27, 123, -8)
  PW (27, 123, -7)
  PW (27, 123, -6)
  PW (27, 123, -5)
  PW (27, 122, -4)
  PW (27, 123, -4)
  PW (27, 124, -4)
  PW (27, 122, -3)
  PW (27, 123, -3)
  PW (27, 124, -3)
  PW (27, 122, -2)
  PW (27, 123, -2)
  PW (27, 124, -2)
  PW (27, 122, -1)
  PW (27, 123, -1)
  PW (27, 124, -1)
  PW (28, 121, -12)
  PW (28, 121, -11)
  PW (28, 122, -10)
  PW (28, 122, -9)
  PW (28, 123, -8)
  PW (28, 123, -7)
  PW (28, 123, -6)
  PW (28, 123, -5)
  PW (28, 123, -4)
  PW (28, 121, -3)
  PW (28, 122, -3)
  PW (28, 123, -3)
  PW (28, 121, -2)
  PW (28, 122, -2)
  PW (28, 123, -2)
  PW (28, 120, -1)
  PW (28, 121, -1)
  PW (28, 122, -1)
  PW (29, 121, -11)
  PW (29, 121, -10)
  PW (29, 121, -9)
  PW (29, 122, -8)
  PW (29, 122, -7)
  PW (29, 122, -6)
  PW (29, 122, -5)
  PW (29, 122, -4)
  PW (29, 120, -3)
  PW (29, 121, -3)
  PW (29, 122, -3)
  PW (29, 120, -2)
  PW (29, 121, -2)
  PW (29, 122, -2)
  PW (29, 120, -1)
  PW (29, 121, -1)
  PW (29, 122, -1)
  PW (30, 120, -11)
  PW (30, 120, -10)
  PW (30, 121, -9)
  PW (30, 121, -8)
  PW (30, 121, -7)
  PW (30, 122, -6)
  PW (30, 122, -5)
  PW (30, 122, -4)
  PW (30, 120, -3)
  PW (30, 121, -3)
  PW (30, 122, -3)
  PW (30, 120, -2)
  PW (30, 121, -2)
  PW (30, 122, -2)
  PW (30, 120, -1)
  PW (30, 121, -1)
  PW (30, 122, -1)
  PW (31, 120, -10)
  PW (31, 120, -9)
  PW (31, 121, -8)
  PW (31, 121, -7)
  PW (31, 121, -6)
  PW (31, 121, -5)
  PW (31, 122, -4)
  PW (31, 122, -3)
  PW (31, 119, -2)
  PW (31, 120, -2)
  PW (31, 121, -2)
  PW (31, 119, -1)
  PW (31, 120, -1)
  PW (31, 121, -1)
[RESULT] snow (layer) total = 884
  first 15: [(0, 136, -16), (0, 135, -15), (0, 135, -14), (0, 135, -13), (1, 142, -16), (1, 142, -15), (1, 135, -14), (1, 135, -13), (2, 145, -16), (2, 142, -15), (2, 142, -14), (2, 135, -13), (3, 145, -16), (3, 145, -15), (3, 142, -14)]
