-64 0.1171875
-60 0.15475609055531309
-56 0.19661896529757655
-52 0.24298542661679401
-48 0.29262651082255031
-44 0.3437001901988489
-40 0.39634461180604086
-36 0.40343634907129799
-32 0.40408970614324607
-28 0.40035354451187227
-24 0.39724546359142859
-20 0.3938078866656759
-16 0.38979912835550484
-12 0.38671252679036233
-8 0.24178124399487216
-4 0.27148156826837727
0 0.29684971145564587
4 0.31436127172732947
8 0.33355469431364332
12 0.35358187734629032
16 0.34561835808675412
20 0.33836085709326635
24 0.32006031199367907
28 1.1043821613426428
32 0.59466279549492396
36 0.18279208578555645
40 0.050246339417308494
44 -0.035173664218235812
48 -0.14218555264108979
52 -0.26160176209192343
56 -0.36513095916051419
60 -0.49390244446386899
64 -0.60856859532886498
68 -0.75085306750679215
72 -0.8715315396687171
76 -1.0089957062979034
80 -1.116990535828887
84 -1.2510323360563145
88 -1.4142818474821575
92 -1.5086825624595277
96 -1.6191435749767553
100 -1.7470516418157451
104 -1.9414718939254354
108 -2.1175639859107536
112 -2.2060350548795329
116 -2.365676885589544
120 -2.4234136595060565
124 -2.578379138147938
128 -2.6597386174307189
132 -2.8146507999958619
136 -2.8275502462549702
140 -2.9877323662618069
144 -3.0937535621456509
148 -3.2374703453365754
152 -3.3776133080111546
156 -3.5023129178157464
160 -3.6239761835764397
164 -3.7632306337128405
168 -3.8843724699145419
172 -4.0460684850125173
176 -4.2753061657854001
180 -4.4110719386741959
184 -4.5155610022102284
188 -4.6060439350820817
192 -4.7226925947614733
196 -4.8467204054572548
200 -4.9705694873471451
204 -5.1285303521698209
208 -5.2644416774418534
212 -5.3917455967473735
216 -5.5392025493153332
220 -5.6413762810298422
224 -5.6539061147684455
228 -5.8130429132752468
232 -5.9765806560828034
236 -6.1141931445759425
240 -6.2602773874077497
244 -4.8220709147767176
248 -3.304322740549388
252 -1.7318645584392214
256 -0.078125
260 -0.078125
264 -0.078125
268 -0.078125
272 -0.078125
276 -0.078125
280 -0.078125
284 -0.078125
288 -0.078125
292 -0.078125
296 -0.078125
300 -0.078125
304 -0.078125
308 -0.078125
312 -0.078125
316 -0.078125
