=== ch0_gpu_dump seed=8576294172403134396 ===
[GPU] 5 channel pipelines ready, splitTotal=8672 perSample=352
[WG_GPU] engine ready (Channels, seed=8576294172403134396, spv=versions/1.20.1/data/worldgen/../../cpp/worldgen/gpu-assets/final_density_ch0.spv;versions/1.20.1/data/worldgen/../../cpp/worldgen/gpu-assets/final_density_ch1.spv;versions/1.20.1/data/worldgen/../../cpp/worldgen/gpu-assets/final_density_ch2.spv;versions/1.20.1/data/worldgen/../../cpp/worldgen/gpu-assets/final_density_ch3.spv;versions/1.20.1/data/worldgen/../../cpp/worldgen/gpu-assets/final_density_ch4.spv, outPerSample=5)
--- column wx=4 wz=16 chunk(0,1), local corner ix=1 iz=0 ---
-64 0.11718750000000000
-56 0.15962257981300354
-48 0.33174428343772888
-40 0.37587299942970276
-32 0.29858112335205078
-24 0.23701804876327515
-16 0.23959493637084961
-8 0.22592088580131531
0 0.18680602312088013
8 0.13357605040073395
16 0.05848443508148193
24 0.23758247494697571
32 0.47094386816024780
40 -0.10139928758144379
48 -0.30958357453346252
56 -0.52466523647308350
64 -0.76876384019851685
72 -0.97307217121124268
80 -1.21637105941772461
88 -1.54027318954467773
96 -1.84961688518524170
104 -2.02220749855041504
112 -2.23382234573364258
120 -2.55893516540527344
128 -2.76802086830139160
136 -3.01368331909179688
144 -3.19245934486389160
152 -3.43643784523010254
160 -3.64596056938171387
168 -3.87201666831970215
176 -4.31720495223999023
184 -4.51005268096923828
192 -4.80865764617919922
200 -5.05981636047363281
208 -5.29066371917724609
216 -5.50994539260864258
224 -5.79004096984863281
232 -6.04848098754882812
240 -6.29992341995239258
248 -3.31666803359985352
256 -0.07812500000000000
264 -0.07812500000000000
272 -0.07812500000000000
280 -0.07812500000000000
288 -0.07812500000000000
296 -0.07812500000000000
304 -0.07812500000000000
312 -0.07812500000000000
320 -0.07812500000000000
--- column wx=3208 wz=3208 chunk(200,200), local corner ix=2 iz=2 ---
-64 0.11718750000000000
-56 0.13395747542381287
-48 0.12865586578845978
-40 0.10627017915248871
-32 0.17934674024581909
-24 0.23152810335159302
-16 0.14457590878009796
-8 0.16869746148586273
0 0.19177407026290894
8 0.17914479970932007
16 0.13319537043571472
24 0.09427732229232788
32 0.07437303662300110
40 0.42635583877563477
48 0.60829150676727295
56 0.76701611280441284
64 0.34697228670120239
72 -0.03080165386199951
80 -0.14089980721473694
88 -0.28911435604095459
96 -0.40577393770217896
104 -0.52196639776229858
112 -0.59736657142639160
120 -0.67122071981430054
128 -0.79989039897918701
136 -0.88662147521972656
144 -0.97514533996582031
152 -1.11048161983489990
160 -1.21818876266479492
168 -1.32287693023681641
176 -1.46531081199645996
184 -1.56284141540527344
192 -1.61963152885437012
200 -1.70468688011169434
208 -1.78488075733184814
216 -1.86203575134277344
224 -1.95650434494018555
232 -2.03022742271423340
240 -2.20037651062011719
248 -1.17847931385040283
256 -0.07812500000000000
264 -0.07812500000000000
272 -0.07812500000000000
280 -0.07812500000000000
288 -0.07812500000000000
296 -0.07812500000000000
304 -0.07812500000000000
312 -0.07812500000000000
320 -0.07812500000000000
--- column wx=-36 wz=-76 chunk(-3,-5), local corner ix=3 iz=1 ---
-64 0.11718750000000000
-56 0.19661891460418701
-48 0.29262655973434448
-40 0.39634451270103455
-32 0.40408974885940552
-24 0.39724555611610413
-16 0.38979920744895935
-8 0.24178123474121094
0 0.29684972763061523
8 0.33355477452278137
16 0.34561827778816223
24 0.32006028294563293
32 0.59466314315795898
40 0.05024650692939758
48 -0.14218565821647644
56 -0.36513090133666992
64 -0.60856866836547852
72 -0.87153160572052002
80 -1.11699032783508301
88 -1.41428184509277344
96 -1.61914372444152832
104 -1.94147157669067383
112 -2.20603513717651367
120 -2.42341399192810059
128 -2.65973901748657227
136 -2.82755041122436523
144 -3.09375333786010742
152 -3.37761306762695312
160 -3.62397646903991699
168 -3.88437175750732422
176 -4.27530622482299805
184 -4.51556110382080078
192 -4.72269201278686523
200 -4.97056913375854492
208 -5.26444149017333984
216 -5.53920173645019531
224 -5.65390586853027344
232 -5.97658061981201172
240 -6.26027727127075195
248 -3.30432248115539551
256 -0.07812500000000000
264 -0.07812500000000000
272 -0.07812500000000000
280 -0.07812500000000000
288 -0.07812500000000000
296 -0.07812500000000000
304 -0.07812500000000000
312 -0.07812500000000000
320 -0.07812500000000000
=== done ===
[device] NVIDIA GeForce RTX 4060 Laptop GPU
