-64 0.1171875
-60 0.17700986523278586
-56 0.15962256953859258
-52 0.19123306445447855
-48 0.33174417557927144
-44 0.36485426079516048
-40 0.37587295109470564
-36 0.33495733959490331
-32 0.29858111465143489
-28 0.26571264912866721
-24 0.23701823263973454
-20 0.2397709852708263
-16 0.23959510655566163
-12 0.23585027561817118
-8 0.22592109644365321
-4 0.20920374343609194
0 0.18680612746018077
4 0.16059195347906008
8 0.13357587150588379
12 0.10300550442479056
16 0.058484256483367025
20 0.022734747908040615
24 0.23758067980741071
28 0.37688467050926089
32 0.47094339510432992
36 0.045888660221626021
40 -0.10139941737840286
44 -0.17844684239703745
48 -0.30958349228335308
52 -0.42939477277385174
56 -0.52466534992856617
60 -0.65234135420253958
64 -0.7687638681919452
68 -0.86331795144225942
72 -0.97307208583993376
76 -1.1119840173169875
80 -1.2163713842487081
84 -1.3200975664870267
88 -1.5402733333450367
92 -1.727786496249718
96 -1.8496169183299627
100 -1.9551022072391695
104 -2.022207752743733
108 -2.1357100609970012
112 -2.2338227477620571
116 -2.351526523125953
120 -2.5589351201734494
124 -2.678284325186818
128 -2.7680210380000685
132 -2.9188332579829148
136 -3.013683300493792
140 -3.0931303140648425
144 -3.1924595811306142
148 -3.3506273752139921
152 -3.4364381421931895
156 -3.5436970594391317
160 -3.645960431518402
164 -3.7600256861755188
168 -3.8720172569030327
172 -4.0249016092903194
176 -4.3172051672169021
180 -4.3981813000870096
184 -4.5100524443605181
188 -4.682993907539184
192 -4.8086582465462886
196 -4.9337609011561723
200 -5.0598165681945142
204 -5.2005640589324518
208 -5.2906638867575975
212 -5.4181255990085813
216 -5.5099462877993899
220 -5.6589879372195346
224 -5.7900415290671541
228 -5.9137086764802573
232 -6.0484811541819639
236 -6.1871952294000874
240 -6.2999235686531012
244 -4.8414196745915659
248 -3.3166682284215554
252 -1.7335243281196675
256 -0.078125
260 -0.078125
264 -0.078125
268 -0.078125
272 -0.078125
276 -0.078125
280 -0.078125
284 -0.078125
288 -0.078125
292 -0.078125
296 -0.078125
300 -0.078125
304 -0.078125
308 -0.078125
312 -0.078125
316 -0.078125
