-64 0.1171875
-60 0.12470350670025242
-56 0.1339575021906618
-52 0.13683737981539634
-48 0.12865591553469055
-44 0.10937543893366879
-40 0.10627019475305838
-36 0.14368021971775774
-32 0.17934672639251448
-28 0.21112930328627405
-24 0.23152813245314685
-20 0.13921783249848982
-16 0.14457595665816142
-12 0.15435924134685208
-8 0.16869750783652632
-4 0.1891951567398103
0 0.19177401276863304
4 0.18759637390941308
8 0.17914483281234439
12 0.15495710991031833
16 0.13319536208829588
20 0.1126941224855027
24 0.094277290014473519
28 0.080749778161119612
32 0.074373015559101613
36 0.075985671529319398
40 0.42635576209387727
44 0.50531661402335015
48 0.60829126994107718
52 0.73645535375691562
56 0.76701654226932015
60 0.55755887357793565
64 0.34697274583844495
68 0.16180126826269306
72 -0.030801118021261509
76 -0.10728967338893813
80 -0.14089982355803876
84 -0.1743224133609021
88 -0.28911431519776343
92 -0.36098808974054697
96 -0.40577389838341582
100 -0.47098930523198546
104 -0.52196643716162483
108 -0.55466330685921927
112 -0.59736662134897478
116 -0.63265971186689052
120 -0.67122068850024685
124 -0.74382399486482698
128 -0.79989052086054158
132 -0.84489796514917681
136 -0.88662142939946986
140 -0.93212543168690587
144 -0.97514543019244471
148 -1.0473696275830389
152 -1.110481912470394
156 -1.1676544385988934
160 -1.2181888453695298
164 -1.2684896891130597
168 -1.3228770794996927
172 -1.4016537205140585
176 -1.4653112236887664
180 -1.5220368467835135
184 -1.5628416679655799
188 -1.5811220375458335
192 -1.6196317249581822
196 -1.6757120359651265
200 -1.7046873524336155
204 -1.7462261951682292
208 -1.7848810445441785
212 -1.8196480764701677
216 -1.8620360858941842
220 -1.915490038227861
224 -1.956504923844947
228 -1.9930376274876545
232 -2.0302278788831138
236 -2.1507071695721529
240 -2.2003770282918915
244 -1.687711676700542
248 -1.1784796063685634
252 -0.64058670632010728
256 -0.078125
260 -0.078125
264 -0.078125
268 -0.078125
272 -0.078125
276 -0.078125
280 -0.078125
284 -0.078125
288 -0.078125
292 -0.078125
296 -0.078125
300 -0.078125
304 -0.078125
308 -0.078125
312 -0.078125
316 -0.078125
