final_density DF built
# x=0 z=0 column
y=-64 fd=0.037482422 arg1=0.037482422 arg2=64.000000000 sloped=12.690109836 factor=3.950000048 depth=0.774049968 entrances=0.569083105 base3d=0.460120201 spag2d=1.000000000 spagrough=0.020694733 pillars=-0.226015842
y=-62 fd=0.036994793 arg1=0.036994793 arg2=64.000000000 sloped=12.385869953 factor=3.950000048 depth=0.758424968 entrances=0.572308959 base3d=0.402755321 spag2d=1.000000000 spagrough=0.023356400 pillars=-0.228183835
y=-60 fd=0.036507146 arg1=0.036507146 arg2=64.000000000 sloped=12.337601261 factor=3.950000048 depth=0.742799968 entrances=0.574956915 base3d=0.601361633 spag2d=1.000000000 spagrough=0.023861792 pillars=-0.230287124
y=-58 fd=0.036019482 arg1=0.036019482 arg2=0.688153029 sloped=12.096890026 factor=3.950000048 depth=0.727174968 entrances=0.577003417 base3d=0.607525400 spag2d=1.000000000 spagrough=0.022528133 pillars=-0.232321172
y=-56 fd=0.035531801 arg1=0.035531801 arg2=0.917537372 sloped=11.858137725 factor=3.950000048 depth=0.711549968 entrances=0.577943691 base3d=0.615648103 spag2d=1.000000000 spagrough=0.020072092 pillars=-0.234281824
y=-54 fd=0.040212155 arg1=0.040212155 arg2=0.913571137 sloped=11.587505182 factor=3.950000048 depth=0.695924968 entrances=0.563275289 base3d=0.591890562 spag2d=1.000000000 spagrough=0.017101591 pillars=-0.236165349
y=-52 fd=0.044890742 arg1=0.044890742 arg2=0.910485778 sloped=11.350006742 factor=3.950000048 depth=0.680299968 entrances=0.548006062 base3d=0.601267125 spag2d=1.000000000 spagrough=0.014128211 pillars=-0.237968471
y=-50 fd=0.049567355 arg1=0.049567355 arg2=0.907400418 sloped=11.112969703 factor=3.950000048 depth=0.664674968 entrances=0.532537586 base3d=0.611105090 spag2d=1.000000000 spagrough=0.011531897 pillars=-0.239688394
y=-48 fd=0.054241788 arg1=0.054241788 arg2=0.904315058 sloped=10.862716641 factor=3.950000048 depth=0.649049968 entrances=0.517051319 base3d=0.607727030 spag2d=1.000000000 spagrough=0.009470589 pillars=-0.241322831
y=-46 fd=0.077138158 arg1=0.077138158 arg2=0.858133066 sloped=10.637377596 factor=3.950000048 depth=0.633424968 entrances=0.501414870 base3d=0.629262989 spag2d=1.000000000 spagrough=0.007786533 pillars=-0.242870022
y=-44 fd=0.099952775 arg1=0.099952775 arg2=0.811951074 sloped=10.370218769 factor=3.950000048 depth=0.617799968 entrances=0.485804214 base3d=0.608979164 spag2d=1.000000000 spagrough=0.006628556 pillars=-0.244328749
y=-42 fd=0.122661315 arg1=0.122661315 arg2=0.765769082 sloped=10.115313194 factor=3.950000048 depth=0.602174968 entrances=0.470919570 base3d=0.600948592 spag2d=1.000000000 spagrough=0.006668007 pillars=-0.245696959
y=-40 fd=0.145239452 arg1=0.145239452 arg2=0.719587090 sloped=9.860550120 factor=3.950000048 depth=0.586549968 entrances=0.457133977 base3d=0.593060521 spag2d=1.000000000 spagrough=0.008247429 pillars=-0.246966978
# extra points
P 5 -52 3 fd=0.060260910 arg1=0.060260910 sloped=11.351724226 entrances=0.560037212
P 12 -58 7 fd=0.053709775 arg1=0.053709775 sloped=12.058929989 entrances=0.542578774
P 63 -50 0 fd=0.031684869 arg1=0.031684869 sloped=11.172012345 entrances=0.610427811
P 1 -55 1 fd=0.040659582 arg1=0.040659582 sloped=11.748514599 entrances=0.570358982
# all1024
0 0.037482422
1 0.037482422
2 0.037482422
3 0.037482422
4 0.037482422
5 0.037482422
6 0.037482422
7 0.037482422
8 0.037482422
9 0.037482422
10 0.037482422
11 0.037482422
12 0.037482422
13 0.037482422
14 0.037482422
15 0.037482422
16 0.037482422
17 0.037482422
18 0.037482422
19 0.037482422
20 0.037482422
21 0.037482422
22 0.037482422
23 0.037482422
24 0.037482422
25 0.037482422
26 0.037482422
27 0.037482422
28 0.037482422
29 0.037482422
30 0.037482422
31 0.037482422
32 0.037482422
33 0.037482422
34 0.037482422
35 0.037482422
36 0.037482422
37 0.037482422
38 0.037482422
39 0.037482422
40 0.037482422
41 0.037482422
42 0.037482422
43 0.037482422
44 0.037482422
45 0.037482422
46 0.037482422
47 0.037482422
48 0.037482422
49 0.037482422
50 0.037482422
51 0.037482422
52 0.037482422
53 0.037482422
54 0.037482422
55 0.037482422
56 0.037482422
57 0.037482422
58 0.037482422
59 0.037482422
60 0.037482422
61 0.037482422
62 0.037482422
63 0.037482422
64 0.037238610
65 0.037445317
66 0.037652021
67 0.037858722
68 0.038065419
69 0.038173408
70 0.038281395
71 0.038389381
72 0.038497366
73 0.038551841
74 0.038606314
75 0.038660788
76 0.038715262
77 0.038917060
78 0.039118855
79 0.039320647
80 0.039522436
81 0.039711303
82 0.039900166
83 0.040089027
84 0.040277885
85 0.040499560
86 0.040721230
87 0.040942896
88 0.041164558
89 0.041468109
90 0.041771651
91 0.042075186
92 0.042378713
93 0.042496942
94 0.042615170
95 0.042733396
96 0.042851622
97 0.042883157
98 0.042914692
99 0.042946227
100 0.042977762
101 0.043047216
102 0.043116670
103 0.043186124
104 0.043255577
105 0.043357223
106 0.043458869
107 0.043560513
108 0.043662157
109 0.043782921
110 0.043903684
111 0.044024446
112 0.044145207
113 0.044055945
114 0.043966683
115 0.043877420
116 0.043788157
117 0.043704875
118 0.043621592
119 0.043538309
120 0.043455025
121 0.043389219
122 0.043323412
123 0.043257605
124 0.043191798
125 0.043386486
126 0.043581171
127 0.043775852
128 0.036994793
129 0.037408212
130 0.037821618
131 0.038235011
132 0.038648391
133 0.038864357
134 0.039080319
135 0.039296277
136 0.039512232
137 0.039621171
138 0.039730109
139 0.039839047
140 0.039947983
141 0.040351537
142 0.040755078
143 0.041158606
144 0.041562120
145 0.041939787
146 0.042317443
147 0.042695086
148 0.043072717
149 0.043515957
150 0.043959180
151 0.044402386
152 0.044845575
153 0.045452473
154 0.046059338
155 0.046666169
156 0.047272965
157 0.047509317
158 0.047745664
159 0.047982005
160 0.048218341
161 0.048281380
162 0.048344419
163 0.048407457
164 0.048470496
165 0.048609334
166 0.048748170
167 0.048887004
168 0.049025837
169 0.049229020
170 0.049432198
171 0.049635373
172 0.049838544
173 0.050079931
174 0.050321312
175 0.050562687
176 0.050804057
177 0.050625646
178 0.050447233
179 0.050268816
180 0.050090396
181 0.049923930
182 0.049757461
183 0.049590990
184 0.049424516
185 0.049292977
186 0.049161435
187 0.049029892
188 0.048898348
189 0.049287514
190 0.049676665
191 0.050065802
192 0.036750972
193 0.037371106
194 0.037991213
195 0.038611289
196 0.039231336
197 0.039555268
198 0.039879192
199 0.040203108
200 0.040527015
201 0.040690410
202 0.040853803
203 0.041017194
204 0.041180583
205 0.041785848
206 0.042391082
207 0.042996286
208 0.043601457
209 0.044167854
210 0.044734223
211 0.045300562
212 0.045866873
213 0.046531560
214 0.047196205
215 0.047860809
216 0.048525370
217 0.049435388
218 0.050345323
219 0.051255175
220 0.052164941
221 0.052519293
222 0.052873632
223 0.053227957
224 0.053582269
225 0.053676776
226 0.053771282
227 0.053865786
228 0.053960290
229 0.054168429
230 0.054376562
231 0.054584691
232 0.054792816
233 0.055097404
234 0.055401983
235 0.055706551
236 0.056011108
237 0.056372948
238 0.056734772
239 0.057096582
240 0.057458377
241 0.057190954
242 0.056923522
243 0.056656082
244 0.056388634
245 0.056139103
246 0.055889564
247 0.055640019
248 0.055390466
249 0.055193280
250 0.054996090
251 0.054798895
252 0.054601696
253 0.055185092
254 0.055768449
255 0.056351768
256 0.036507146
257 0.037334001
258 0.038160805
259 0.038987557
260 0.039814255
261 0.040246142
262 0.040678015
263 0.041109872
264 0.041541714
265 0.041759556
266 0.041977394
267 0.042195227
268 0.042413057
269 0.043219986
270 0.044026859
271 0.044833674
272 0.045640430
273 0.046395480
274 0.047150478
275 0.047905421
276 0.048660309
277 0.049546312
278 0.050432236
279 0.051318081
280 0.052203845
281 0.053416726
282 0.054629449
283 0.055842010
284 0.057054405
285 0.057526617
286 0.057998802
287 0.058470962
288 0.058943095
289 0.059069027
290 0.059194957
291 0.059320885
292 0.059446812
293 0.059724154
294 0.060001488
295 0.060278812
296 0.060556127
297 0.060961969
298 0.061367792
299 0.061773594
300 0.062179376
301 0.062661469
302 0.063143534
303 0.063625568
304 0.064107573
305 0.063751296
306 0.063395004
307 0.063038695
308 0.062682369
309 0.062349910
310 0.062017436
311 0.061684949
312 0.061352448
313 0.061089716
314 0.060826976
315 0.060564227
316 0.060301470
317 0.061078805
318 0.061856066
319 0.062633252
320 0.036263316
321 0.037296896
322 0.038330395
323 0.039363813
324 0.040397146
325 0.040936978
326 0.041476786
327 0.042016569
328 0.042556328
329 0.042828606
330 0.043100878
331 0.043373143
332 0.043645402
333 0.044653946
334 0.045662398
335 0.046670757
336 0.047679021
337 0.048622644
338 0.049566179
339 0.050509626
340 0.051452982
341 0.052560158
342 0.053667205
343 0.054774119
344 0.055880898
345 0.057396360
346 0.058911556
347 0.060426479
348 0.061941123
349 0.062531035
350 0.063120904
351 0.063710728
352 0.064300507
353 0.064457817
354 0.064615124
355 0.064772427
356 0.064929727
357 0.065276165
358 0.065622587
359 0.065968993
360 0.066315383
361 0.066822307
362 0.067329198
363 0.067836053
364 0.068342873
365 0.068944993
366 0.069547063
367 0.070149082
368 0.070751050
369 0.070306104
370 0.069861129
371 0.069416127
372 0.068971096
373 0.068555866
374 0.068140612
375 0.067725334
376 0.067310032
377 0.066981870
378 0.066653692
379 0.066325501
380 0.065997295
381 0.066968241
382 0.067939061
383 0.068909750
384 0.036019482
385 0.037259790
386 0.038499983
387 0.039740058
388 0.040980010
389 0.041627774
390 0.042275503
391 0.042923197
392 0.043570854
393 0.043897558
394 0.044224253
395 0.044550938
396 0.044877613
397 0.046087721
398 0.047297692
399 0.048507525
400 0.049717214
401 0.050849322
402 0.051981299
403 0.053113142
404 0.054244848
405 0.055573044
406 0.056901043
407 0.058228840
408 0.059556430
409 0.061374163
410 0.063191486
411 0.065008388
412 0.066824857
413 0.067532294
414 0.068239664
415 0.068946964
416 0.069654195
417 0.069842830
418 0.070031459
419 0.070220083
420 0.070408703
421 0.070824114
422 0.071239500
423 0.071654861
424 0.072070197
425 0.072678011
426 0.073285770
427 0.073893475
428 0.074501124
429 0.075223017
430 0.075944829
431 0.076666562
432 0.077388214
433 0.076854805
434 0.076321351
435 0.075787853
436 0.075254311
437 0.074756487
438 0.074258626
439 0.073760727
440 0.073262791
441 0.072869327
442 0.072475839
443 0.072082329
444 0.071688796
445 0.072852987
446 0.074016977
447 0.075180764
448 0.035775643
449 0.037222685
450 0.038669569
451 0.040116292
452 0.041562846
453 0.042318530
454 0.043074166
455 0.043829753
456 0.044585289
457 0.044966409
458 0.045347515
459 0.045728608
460 0.046109688
461 0.047521305
462 0.048932732
463 0.050343963
464 0.051754992
465 0.053075494
466 0.054395809
467 0.055715933
468 0.057035862
469 0.058584914
470 0.060133683
471 0.061682161
472 0.063230340
473 0.065350007
474 0.067469080
475 0.069587542
476 0.071705371
477 0.072530141
478 0.073354811
479 0.074179380
480 0.075003847
481 0.075223748
482 0.075443641
483 0.075663526
484 0.075883405
485 0.076367654
486 0.076851867
487 0.077336044
488 0.077820183
489 0.078528672
490 0.079237081
491 0.079945409
492 0.080653656
493 0.081495036
494 0.082336300
495 0.083177445
496 0.084018470
497 0.083396828
498 0.082775120
499 0.082153348
500 0.081531511
501 0.080951290
502 0.080371014
503 0.079790682
504 0.079210297
505 0.078751673
506 0.078293016
507 0.077834325
508 0.077375601
509 0.078732627
510 0.080089358
511 0.081445791
512 0.035531801
513 0.037185579
514 0.038839153
515 0.040492514
516 0.042145653
517 0.043009246
518 0.043872774
519 0.044736237
520 0.045599633
521 0.046035157
522 0.046470663
523 0.046906151
524 0.047341622
525 0.048954694
526 0.050567509
527 0.052180060
528 0.053792337
529 0.055301136
530 0.056809680
531 0.058317965
532 0.059825982
533 0.061595713
534 0.063365056
535 0.065133998
536 0.066902528
537 0.069323765
538 0.071744181
539 0.074163746
540 0.076582431
541 0.077524323
542 0.078466074
543 0.079407685
544 0.080349153
545 0.080600255
546 0.080851347
547 0.081102429
548 0.081353500
549 0.081906440
550 0.082459330
551 0.083012168
552 0.083564955
553 0.084373884
554 0.085182701
555 0.085991404
556 0.086799993
557 0.087760550
558 0.088720942
559 0.089681167
560 0.090641224
561 0.089931603
562 0.089221890
563 0.088512086
564 0.087802190
565 0.087139789
566 0.086477310
567 0.085814753
568 0.085152120
569 0.084628495
570 0.084104821
571 0.083581101
572 0.083057335
573 0.084606749
574 0.086155750
575 0.087704330
576 0.037872186
577 0.039563681
578 0.041254950
579 0.042945981
580 0.044636766
581 0.045533531
582 0.046430223
583 0.047326840
584 0.048223380
585 0.048717881
586 0.049212357
587 0.049706809
588 0.050201237
589 0.051916770
590 0.053631995
591 0.055346902
592 0.057061482
593 0.058311551
594 0.059561437
595 0.060811135
596 0.062060642
597 0.063752603
598 0.065444196
599 0.067135411
600 0.068826237
601 0.071114206
602 0.073401422
603 0.075687861
604 0.077973497
605 0.078949617
606 0.079925584
607 0.080901396
608 0.081877052
609 0.082257431
610 0.082637786
611 0.083018117
612 0.083398423
613 0.084022067
614 0.084645644
615 0.085269155
616 0.085892598
617 0.086175739
618 0.086458866
619 0.086741978
620 0.087025077
621 0.086376810
622 0.085728469
623 0.085080055
624 0.084431568
625 0.083112578
626 0.081793294
627 0.080473721
628 0.079153863
629 0.078340411
630 0.077526854
631 0.076713193
632 0.075899429
633 0.075443878
634 0.074988295
635 0.074532680
636 0.074077034
637 0.075517265
638 0.076957179
639 0.078396769
640 0.040212155
641 0.041941335
642 0.043670263
643 0.045398929
644 0.047127322
645 0.048057233
646 0.048987061
647 0.049916804
648 0.050846460
649 0.051399900
650 0.051953308
651 0.052506683
652 0.053060027
653 0.054877930
654 0.056695467
655 0.058512627
656 0.060329397
657 0.061320902
658 0.062312284
659 0.063303544
660 0.064294677
661 0.065908895
662 0.067522765
663 0.069136280
664 0.070749431
665 0.072904186
666 0.075058256
667 0.077211620
668 0.079364258
669 0.080374586
670 0.081384747
671 0.082394740
672 0.083404562
673 0.083914148
674 0.084423689
675 0.084933186
676 0.085442638
677 0.086136929
678 0.086831136
679 0.087525258
680 0.088219294
681 0.087977024
682 0.087734744
683 0.087492453
684 0.087250152
685 0.084992733
686 0.082734434
687 0.080475276
688 0.078215284
689 0.076285688
690 0.074355517
691 0.072424783
692 0.070493503
693 0.069528708
694 0.068563783
695 0.067598728
696 0.066633546
697 0.066246342
698 0.065859119
699 0.065471876
700 0.065084613
701 0.066415116
702 0.067745382
703 0.069075406
704 0.042551682
705 0.044318512
706 0.046085064
707 0.047851327
708 0.049617290
709 0.050580320
710 0.051543255
711 0.052506095
712 0.053468836
713 0.054081175
714 0.054693473
715 0.055305729
716 0.055917944
717 0.057838120
718 0.059757867
719 0.061677170
720 0.063596014
721 0.064329132
722 0.065062180
723 0.065795158
724 0.066528065
725 0.068064567
726 0.069600745
727 0.071136590
728 0.072672096
729 0.074693693
730 0.076714672
731 0.078735015
732 0.080754706
733 0.081799223
734 0.082843559
735 0.083887711
736 0.084931677
737 0.085570396
738 0.086209045
739 0.086847621
740 0.087486126
741 0.088251008
742 0.089015784
743 0.089780454
744 0.090545018
745 0.089777728
746 0.089010331
747 0.088242827
748 0.087475217
749 0.083608325
750 0.079738890
751 0.075867029
752 0.071992862
753 0.069451582
754 0.066909395
755 0.064366333
756 0.061822431
757 0.060706071
758 0.059589558
759 0.058472895
760 0.057356085
761 0.057037468
762 0.056718840
763 0.056400199
764 0.056081548
765 0.057301834
766 0.058521949
767 0.059741888
768 0.044890742
769 0.046695187
770 0.048499326
771 0.050303148
772 0.052106640
773 0.053102759
774 0.054098772
775 0.055094677
776 0.056090472
777 0.056761667
778 0.057432811
779 0.058103902
780 0.058774941
781 0.060797290
782 0.062819137
783 0.064840467
784 0.066861261
785 0.067336187
786 0.067811083
787 0.068285948
788 0.068760782
789 0.070219600
790 0.071678117
791 0.073136324
792 0.074594217
793 0.076482715
794 0.078370661
795 0.080258039
796 0.082144838
797 0.083223523
798 0.084302012
799 0.085380302
800 0.086458389
801 0.087226167
802 0.087993841
803 0.088761409
804 0.089528871
805 0.090364283
806 0.091199566
807 0.092034720
808 0.092869743
809 0.091577839
810 0.090285624
811 0.088993100
812 0.087700274
813 0.082223592
814 0.076741893
815 0.071255514
816 0.065764790
817 0.062610908
818 0.059455767
819 0.056299433
820 0.053141968
821 0.051873890
822 0.050605644
823 0.049337234
824 0.048068664
825 0.047818835
826 0.047569001
827 0.047319160
828 0.047069314
829 0.048178950
830 0.049288467
831 0.050397861
832 0.047229308
833 0.049071331
834 0.050913019
835 0.052754360
836 0.054595340
837 0.055624518
838 0.056653577
839 0.057682516
840 0.058711331
841 0.059441338
842 0.060171281
843 0.060901159
844 0.061630971
845 0.063755386
846 0.065879220
847 0.068002454
848 0.070125068
849 0.070342012
850 0.070558950
851 0.070775881
852 0.070992805
853 0.072373974
854 0.073754862
855 0.075135466
856 0.076515780
857 0.078271242
858 0.080026214
859 0.081780686
860 0.083534647
861 0.084647481
862 0.085760101
863 0.086872505
864 0.087984691
865 0.088881452
866 0.089778067
867 0.090674535
868 0.091570854
869 0.092476736
870 0.093382462
871 0.094288033
872 0.095193445
873 0.093377345
874 0.091560617
875 0.089743271
876 0.087925322
877 0.080838537
878 0.073743497
879 0.066640930
880 0.059531561
881 0.055764314
882 0.051995472
883 0.048225143
884 0.044453435
885 0.043033556
886 0.041613503
887 0.040193282
888 0.038772897
889 0.038592024
890 0.038411147
891 0.038230269
892 0.038049388
893 0.039047995
894 0.040046524
895 0.041044973
896 0.049567355
897 0.051446918
898 0.053326115
899 0.055204934
900 0.057083360
901 0.058145565
902 0.059207638
903 0.060269576
904 0.061331378
905 0.062120148
906 0.062908840
907 0.063697454
908 0.064485987
909 0.066712356
910 0.068938057
911 0.071163067
912 0.073387364
913 0.073346552
914 0.073305739
915 0.073264927
916 0.073224114
917 0.074527667
918 0.075830964
919 0.077134000
920 0.078436770
921 0.080059260
922 0.081681322
923 0.083302948
924 0.084924128
925 0.086071089
926 0.087217819
927 0.088364316
928 0.089510576
929 0.090536240
930 0.091561710
931 0.092586984
932 0.093612059
933 0.094588347
934 0.095564450
935 0.096540368
936 0.097516097
937 0.095176234
938 0.092835306
939 0.090493339
940 0.088150360
941 0.079453168
942 0.070743758
943 0.062023475
944 0.053293663
945 0.048912450
946 0.044529348
947 0.040144526
948 0.035758154
949 0.034186462
950 0.032614601
951 0.031042578
952 0.029470401
953 0.029358613
954 0.029246824
955 0.029135035
956 0.029023244
957 0.029910500
958 0.030797709
959 0.031684869
960 0.051904857
961 0.053821921
962 0.055738587
963 0.057654840
964 0.059570667
965 0.060665867
966 0.061760920
967 0.062855823
968 0.063950575
969 0.064798059
970 0.065645449
971 0.066492744
972 0.067339942
973 0.069668148
974 0.071995589
975 0.074322242
976 0.076648079
977 0.076349751
978 0.076051409
979 0.075753053
980 0.075454684
981 0.076680661
982 0.077906403
983 0.079131909
984 0.080357173
985 0.081846759
986 0.083335976
987 0.084824817
988 0.086313276
989 0.087494342
990 0.088675160
991 0.089855725
992 0.091036036
993 0.092190523
994 0.093344760
995 0.094498742
996 0.095652468
997 0.096699096
998 0.097745508
999 0.098791702
1000 0.099837673
1001 0.096974494
1002 0.094109688
1003 0.091243304
1004 0.088375390
1005 0.078067489
1006 0.067742730
1007 0.057403351
1008 0.047051588
1009 0.042055965
1010 0.037058233
1011 0.032058643
1012 0.027057446
1013 0.025333998
1014 0.023610399
1015 0.021886660
1016 0.020162790
1017 0.020120183
1018 0.020077575
1019 0.020034968
1020 0.019992360
1021 0.020767997
1022 0.021543610
1023 0.022319196
