0 0.037482422
1 0.037482422
2 0.037482422
3 0.037482422
4 0.037482422
5 0.037482422
6 0.037482422
7 0.037482422
8 0.037482422
9 0.037482422
10 0.037482422
11 0.037482422
12 0.037482422
13 0.037482422
14 0.037482422
15 0.037482422
16 0.037482422
17 0.037482422
18 0.037482422
19 0.037482422
20 0.037482422
21 0.037482422
22 0.037482422
23 0.037482422
24 0.037482422
25 0.037482422
26 0.037482422
27 0.037482422
28 0.037482422
29 0.037482422
30 0.037482422
31 0.037482422
32 0.037482422
33 0.037482422
34 0.037482422
35 0.037482422
36 0.037482422
37 0.037482422
38 0.037482422
39 0.037482422
40 0.037482422
41 0.037482422
42 0.037482422
43 0.037482422
44 0.037482422
45 0.037482422
46 0.037482422
47 0.037482422
48 0.037482422
49 0.037482422
50 0.037482422
51 0.037482422
52 0.037482422
53 0.037482422
54 0.037482422
55 0.037482422
56 0.037482422
57 0.037482422
58 0.037482422
59 0.037482422
60 0.037482422
61 0.037482422
62 0.037482422
63 0.037482422
64 0.037238610
65 0.037445317
66 0.037652021
67 0.037858722
68 0.038065419
69 0.038173408
70 0.038281395
71 0.038389381
72 0.038497367
73 0.038551841
74 0.038606315
75 0.038660788
76 0.038715262
77 0.038917060
78 0.039118855
79 0.039320648
80 0.039522436
81 0.039711303
82 0.039900167
83 0.040089028
84 0.040277886
85 0.040499560
86 0.040721230
87 0.040942897
88 0.041164559
89 0.041468109
90 0.041771652
91 0.042075186
92 0.042378714
93 0.042496942
94 0.042615170
95 0.042733396
96 0.042851622
97 0.042883157
98 0.042914692
99 0.042946227
100 0.042977762
101 0.043047216
102 0.043116670
103 0.043186124
104 0.043255577
105 0.043357223
106 0.043458869
107 0.043560513
108 0.043662157
109 0.043782921
110 0.043903684
111 0.044024446
112 0.044145207
113 0.044055945
114 0.043966683
115 0.043877420
116 0.043788157
117 0.043704875
118 0.043621592
119 0.043538309
120 0.043455025
121 0.043389219
122 0.043323412
123 0.043257605
124 0.043191798
125 0.043386486
126 0.043581171
127 0.043775852
128 0.036994793
129 0.037408212
130 0.037821618
131 0.038235011
132 0.038648391
133 0.038864357
134 0.039080319
135 0.039296277
136 0.039512232
137 0.039621171
138 0.039730110
139 0.039839047
140 0.039947983
141 0.040351538
142 0.040755079
143 0.041158606
144 0.041562121
145 0.041939788
146 0.042317443
147 0.042695087
148 0.043072718
149 0.043515958
150 0.043959181
151 0.044402387
152 0.044845575
153 0.045452474
154 0.046059339
155 0.046666169
156 0.047272966
157 0.047509317
158 0.047745664
159 0.047982005
160 0.048218341
161 0.048281380
162 0.048344419
163 0.048407457
164 0.048470496
165 0.048609334
166 0.048748170
167 0.048887004
168 0.049025837
169 0.049229020
170 0.049432198
171 0.049635373
172 0.049838544
173 0.050079931
174 0.050321312
175 0.050562687
176 0.050804057
177 0.050625646
178 0.050447233
179 0.050268816
180 0.050090395
181 0.049923930
182 0.049757461
183 0.049590990
184 0.049424516
185 0.049292976
186 0.049161435
187 0.049029892
188 0.048898348
189 0.049287514
190 0.049676665
191 0.050065801
192 0.036750972
193 0.037371107
194 0.037991213
195 0.038611289
196 0.039231336
197 0.039555269
198 0.039879193
199 0.040203108
200 0.040527015
201 0.040690411
202 0.040853804
203 0.041017195
204 0.041180583
205 0.041785849
206 0.042391083
207 0.042996286
208 0.043601458
209 0.044167855
210 0.044734224
211 0.045300563
212 0.045866874
213 0.046531561
214 0.047196206
215 0.047860810
216 0.048525371
217 0.049435389
218 0.050345324
219 0.051255176
220 0.052164942
221 0.052519294
222 0.052873632
223 0.053227957
224 0.053582269
225 0.053676776
226 0.053771282
227 0.053865786
228 0.053960290
229 0.054168429
230 0.054376562
231 0.054584691
232 0.054792816
233 0.055097404
234 0.055401983
235 0.055706551
236 0.056011108
237 0.056372948
238 0.056734772
239 0.057096582
240 0.057458377
241 0.057190954
242 0.056923522
243 0.056656082
244 0.056388634
245 0.056139103
246 0.055889564
247 0.055640019
248 0.055390466
249 0.055193280
250 0.054996090
251 0.054798895
252 0.054601696
253 0.055185091
254 0.055768448
255 0.056351767
256 0.036507146
257 0.037334001
258 0.038160805
259 0.038987557
260 0.039814255
261 0.040246143
262 0.040678015
263 0.041109873
264 0.041541715
265 0.041759557
266 0.041977394
267 0.042195228
268 0.042413058
269 0.043219987
270 0.044026859
271 0.044833675
272 0.045640431
273 0.046395482
274 0.047150479
275 0.047905422
276 0.048660311
277 0.049546313
278 0.050432238
279 0.051318083
280 0.052203846
281 0.053416727
282 0.054629450
283 0.055842011
284 0.057054407
285 0.057526618
286 0.057998803
287 0.058470962
288 0.058943095
289 0.059069027
290 0.059194957
291 0.059320885
292 0.059446812
293 0.059724154
294 0.060001488
295 0.060278812
296 0.060556127
297 0.060961969
298 0.061367792
299 0.061773594
300 0.062179376
301 0.062661470
302 0.063143534
303 0.063625568
304 0.064107573
305 0.063751296
306 0.063395003
307 0.063038694
308 0.062682369
309 0.062349909
310 0.062017436
311 0.061684949
312 0.061352448
313 0.061089716
314 0.060826976
315 0.060564227
316 0.060301470
317 0.061078805
318 0.061856065
319 0.062633250
320 0.036263316
321 0.037296896
322 0.038330396
323 0.039363813
324 0.040397146
325 0.040936978
326 0.041476786
327 0.042016570
328 0.042556329
329 0.042828607
330 0.043100879
331 0.043373144
332 0.043645402
333 0.044653946
334 0.045662399
335 0.046670759
336 0.047679023
337 0.048622645
338 0.049566181
339 0.050509628
340 0.051452984
341 0.052560160
342 0.053667207
343 0.054774121
344 0.055880900
345 0.057396362
346 0.058911558
347 0.060426481
348 0.061941125
349 0.062531037
350 0.063120905
351 0.063710728
352 0.064300507
353 0.064457817
354 0.064615124
355 0.064772427
356 0.064929727
357 0.065276165
358 0.065622587
359 0.065968993
360 0.066315383
361 0.066822307
362 0.067329198
363 0.067836053
364 0.068342873
365 0.068944993
366 0.069547063
367 0.070149083
368 0.070751050
369 0.070306104
370 0.069861129
371 0.069416126
372 0.068971096
373 0.068555866
374 0.068140611
375 0.067725333
376 0.067310032
377 0.066981869
378 0.066653692
379 0.066325501
380 0.065997294
381 0.066968241
382 0.067939060
383 0.068909749
384 0.036019482
385 0.037259791
386 0.038499984
387 0.039740058
388 0.040980010
389 0.041627774
390 0.042275504
391 0.042923197
392 0.043570855
393 0.043897559
394 0.044224253
395 0.044550939
396 0.044877614
397 0.046087722
398 0.047297694
399 0.048507526
400 0.049717216
401 0.050849324
402 0.051981301
403 0.053113144
404 0.054244850
405 0.055573046
406 0.056901045
407 0.058228842
408 0.059556432
409 0.061374165
410 0.063191488
411 0.065008390
412 0.066824859
413 0.067532296
414 0.068239665
415 0.068946965
416 0.069654195
417 0.069842830
418 0.070031459
419 0.070220083
420 0.070408703
421 0.070824113
422 0.071239500
423 0.071654861
424 0.072070197
425 0.072678011
426 0.073285770
427 0.073893475
428 0.074501124
429 0.075223017
430 0.075944830
431 0.076666562
432 0.077388214
433 0.076854805
434 0.076321351
435 0.075787853
436 0.075254311
437 0.074756487
438 0.074258625
439 0.073760727
440 0.073262791
441 0.072869326
442 0.072475839
443 0.072082329
444 0.071688796
445 0.072852986
446 0.074016975
447 0.075180762
448 0.035775644
449 0.037222685
450 0.038669570
451 0.040116292
452 0.041562846
453 0.042318531
454 0.043074167
455 0.043829754
456 0.044585291
457 0.044966410
458 0.045347516
459 0.045728609
460 0.046109689
461 0.047521307
462 0.048932734
463 0.050343965
464 0.051754994
465 0.053075496
466 0.054395811
467 0.055715936
468 0.057035865
469 0.058584917
470 0.060133685
471 0.061682163
472 0.063230343
473 0.065350009
474 0.067469083
475 0.069587544
476 0.071705374
477 0.072530143
478 0.073354813
479 0.074179381
480 0.075003847
481 0.075223748
482 0.075443641
483 0.075663526
484 0.075883405
485 0.076367654
486 0.076851867
487 0.077336044
488 0.077820183
489 0.078528672
490 0.079237081
491 0.079945409
492 0.080653656
493 0.081495036
494 0.082336300
495 0.083177445
496 0.084018470
497 0.083396828
498 0.082775120
499 0.082153347
500 0.081531510
501 0.080951289
502 0.080371013
503 0.079790682
504 0.079210296
505 0.078751673
506 0.078293015
507 0.077834325
508 0.077375601
509 0.078732626
510 0.080089357
511 0.081445788
512 0.035531801
513 0.037185579
514 0.038839153
515 0.040492514
516 0.042145653
517 0.043009246
518 0.043872775
519 0.044736238
520 0.045599634
521 0.046035158
522 0.046470664
523 0.046906153
524 0.047341623
525 0.048954695
526 0.050567511
527 0.052180062
528 0.053792340
529 0.055301138
530 0.056809683
531 0.058317967
532 0.059825984
533 0.061595716
534 0.063365058
535 0.065134000
536 0.066902531
537 0.069323768
538 0.071744184
539 0.074163749
540 0.076582434
541 0.077524325
542 0.078466076
543 0.079407686
544 0.080349153
545 0.080600255
546 0.080851347
547 0.081102429
548 0.081353500
549 0.081906440
550 0.082459330
551 0.083012168
552 0.083564955
553 0.084373884
554 0.085182701
555 0.085991404
556 0.086799994
557 0.087760550
558 0.088720942
559 0.089681167
560 0.090641224
561 0.089931603
562 0.089221890
563 0.088512085
564 0.087802189
565 0.087139788
566 0.086477309
567 0.085814753
568 0.085152120
569 0.084628494
570 0.084104821
571 0.083581101
572 0.083057334
573 0.084606748
574 0.086155748
575 0.087704327
576 0.037872186
577 0.039563682
578 0.041254950
579 0.042945981
580 0.044636766
581 0.045533531
582 0.046430223
583 0.047326841
584 0.048223381
585 0.048717882
586 0.049212358
587 0.049706810
588 0.050201238
589 0.051916771
590 0.053631996
591 0.055346904
592 0.057061484
593 0.058311553
594 0.059561439
595 0.060811137
596 0.062060644
597 0.063752605
598 0.065444198
599 0.067135413
600 0.068826240
601 0.071114209
602 0.073401425
603 0.075687863
604 0.077973500
605 0.078949619
606 0.079925585
607 0.080901396
608 0.081877051
609 0.082257431
610 0.082637786
611 0.083018117
612 0.083398423
613 0.084022067
614 0.084645644
615 0.085269155
616 0.085892598
617 0.086175740
618 0.086458868
619 0.086741982
620 0.087025082
621 0.086376814
622 0.085728473
623 0.085080058
624 0.084431570
625 0.083112580
626 0.081793295
627 0.080473721
628 0.079153863
629 0.078340411
630 0.077526854
631 0.076713193
632 0.075899429
633 0.075443878
634 0.074988294
635 0.074532680
636 0.074077033
637 0.075517264
638 0.076957177
639 0.078396767
640 0.040212155
641 0.041941335
642 0.043670263
643 0.045398929
644 0.047127322
645 0.048057233
646 0.048987062
647 0.049916804
648 0.050846461
649 0.051399900
650 0.051953308
651 0.052506684
652 0.053060028
653 0.054877931
654 0.056695468
655 0.058512628
656 0.060329399
657 0.061320903
658 0.062312286
659 0.063303545
660 0.064294679
661 0.065908896
662 0.067522767
663 0.069136282
664 0.070749434
665 0.072904188
666 0.075058258
667 0.077211622
668 0.079364260
669 0.080374587
670 0.081384748
671 0.082394740
672 0.083404562
673 0.083914147
674 0.084423689
675 0.084933186
676 0.085442638
677 0.086136929
678 0.086831136
679 0.087525258
680 0.088219294
681 0.087977027
682 0.087734749
683 0.087492461
684 0.087250162
685 0.084992742
686 0.082734440
687 0.080475281
688 0.078215287
689 0.076285691
690 0.074355518
691 0.072424784
692 0.070493503
693 0.069528708
694 0.068563782
695 0.067598728
696 0.066633545
697 0.066246342
698 0.065859119
699 0.065471876
700 0.065084613
701 0.066415116
702 0.067745381
703 0.069075404
704 0.042551682
705 0.044318512
706 0.046085064
707 0.047851327
708 0.049617290
709 0.050580320
710 0.051543256
711 0.052506095
712 0.053468836
713 0.054081175
714 0.054693473
715 0.055305730
716 0.055917945
717 0.057838121
718 0.059757868
719 0.061677171
720 0.063596015
721 0.064329133
722 0.065062182
723 0.065795159
724 0.066528066
725 0.068064568
726 0.069600746
727 0.071136592
728 0.072672098
729 0.074693695
730 0.076714674
731 0.078735017
732 0.080754708
733 0.081799224
734 0.082843559
735 0.083887711
736 0.084931676
737 0.085570396
738 0.086209044
739 0.086847621
740 0.087486126
741 0.088251007
742 0.089015784
743 0.089780454
744 0.090545018
745 0.089777732
746 0.089010339
747 0.088242839
748 0.087475233
749 0.083608338
750 0.079738900
751 0.075867037
752 0.071992866
753 0.069451585
754 0.066909397
755 0.064366335
756 0.061822431
757 0.060706071
758 0.059589558
759 0.058472895
760 0.057356085
761 0.057037468
762 0.056718839
763 0.056400199
764 0.056081547
765 0.057301834
766 0.058521948
767 0.059741887
768 0.044890742
769 0.046695187
770 0.048499326
771 0.050303147
772 0.052106640
773 0.053102759
774 0.054098772
775 0.055094677
776 0.056090472
777 0.056761667
778 0.057432811
779 0.058103903
780 0.058774941
781 0.060797291
782 0.062819138
783 0.064840468
784 0.066861262
785 0.067336188
786 0.067811084
787 0.068285948
788 0.068760782
789 0.070219601
790 0.071678118
791 0.073136326
792 0.074594219
793 0.076482717
794 0.078370662
795 0.080258041
796 0.082144839
797 0.083223524
798 0.084302012
799 0.085380301
800 0.086458388
801 0.087226167
802 0.087993841
803 0.088761409
804 0.089528870
805 0.090364283
806 0.091199566
807 0.092034720
808 0.092869743
809 0.091577845
810 0.090285634
811 0.088993116
812 0.087700295
813 0.082223609
814 0.076741906
815 0.071255524
816 0.065764796
817 0.062610912
818 0.059455771
819 0.056299435
820 0.053141968
821 0.051873890
822 0.050605644
823 0.049337234
824 0.048068664
825 0.047818835
826 0.047569001
827 0.047319160
828 0.047069314
829 0.048178949
830 0.049288466
831 0.050397860
832 0.047229308
833 0.049071331
834 0.050913019
835 0.052754359
836 0.054595340
837 0.055624518
838 0.056653577
839 0.057682516
840 0.058711331
841 0.059441338
842 0.060171281
843 0.060901159
844 0.061630971
845 0.063755386
846 0.065879220
847 0.068002454
848 0.070125069
849 0.070342013
850 0.070558950
851 0.070775881
852 0.070992805
853 0.072373974
854 0.073754863
855 0.075135467
856 0.076515782
857 0.078271243
858 0.080026215
859 0.081780687
860 0.083534648
861 0.084647481
862 0.085760101
863 0.086872505
864 0.087984690
865 0.088881451
866 0.089778066
867 0.090674534
868 0.091570854
869 0.092476736
870 0.093382462
871 0.094288033
872 0.095193445
873 0.093377352
874 0.091560630
875 0.089743291
876 0.087925347
877 0.080838558
878 0.073743514
879 0.066640942
880 0.059531568
881 0.055764320
882 0.051995476
883 0.048225146
884 0.044453436
885 0.043033557
886 0.041613504
887 0.040193282
888 0.038772897
889 0.038592023
890 0.038411147
891 0.038230269
892 0.038049388
893 0.039047994
894 0.040046523
895 0.041044972
896 0.049567355
897 0.051446918
898 0.053326115
899 0.055204933
900 0.057083359
901 0.058145564
902 0.059207638
903 0.060269576
904 0.061331378
905 0.062120148
906 0.062908840
907 0.063697454
908 0.064485987
909 0.066712356
910 0.068938057
911 0.071163067
912 0.073387365
913 0.073346552
914 0.073305739
915 0.073264926
916 0.073224113
917 0.074527667
918 0.075830964
919 0.077134001
920 0.078436771
921 0.080059261
922 0.081681323
923 0.083302948
924 0.084924129
925 0.086071089
926 0.087217818
927 0.088364315
928 0.089510574
929 0.090536239
930 0.091561709
931 0.092586983
932 0.093612059
933 0.094588347
934 0.095564450
935 0.096540368
936 0.097516097
937 0.095176242
938 0.092835322
939 0.090493363
940 0.088150391
941 0.079453193
942 0.070743778
943 0.062023490
944 0.053293672
945 0.048912457
946 0.044529353
947 0.040144529
948 0.035758156
949 0.034186463
950 0.032614601
951 0.031042578
952 0.029470401
953 0.029358613
954 0.029246824
955 0.029135035
956 0.029023244
957 0.029910500
958 0.030797708
959 0.031684868
960 0.051904857
961 0.053821921
962 0.055738586
963 0.057654840
964 0.059570666
965 0.060665866
966 0.061760919
967 0.062855823
968 0.063950575
969 0.064798059
970 0.065645449
971 0.066492743
972 0.067339942
973 0.069668147
974 0.071995589
975 0.074322242
976 0.076648079
977 0.076349751
978 0.076051409
979 0.075753053
980 0.075454683
981 0.076680660
982 0.077906403
983 0.079131909
984 0.080357174
985 0.081846760
986 0.083335976
987 0.084824817
988 0.086313276
989 0.087494342
990 0.088675159
991 0.089855724
992 0.091036034
993 0.092190522
994 0.093344759
995 0.094498742
996 0.095652468
997 0.096699096
998 0.097745508
999 0.098791702
1000 0.099837674
1001 0.096974503
1002 0.094109706
1003 0.091243331
1004 0.088375426
1005 0.078067519
1006 0.067742754
1007 0.057403368
1008 0.047051598
1009 0.042055973
1010 0.037058239
1011 0.032058647
1012 0.027057448
1013 0.025333999
1014 0.023610400
1015 0.021886660
1016 0.020162790
1017 0.020120183
1018 0.020077575
1019 0.020034968
1020 0.019992360
1021 0.020767997
1022 0.021543610
1023 0.022319196