GRID 720 -416 -64 0.0374824219
GRID 720 -416 -32 0.0305385979
GRID 720 -416 0 0.0409777326
GRID 720 -416 32 0.0205441414
GRID 720 -416 63 0.0888545208
GRID 720 -416 96 -0.2978348558
GRID 720 -416 128 -0.4583333333
GRID 720 -416 200 -0.4583333333
GRID 720 -416 256 -0.0249947917
GRID 720 -416 319 -0.0249947917
GRID 720 -415 -64 0.0374824219
GRID 720 -415 -32 0.0295950543
GRID 720 -415 0 0.0401381376
GRID 720 -415 32 0.0205563367
GRID 720 -415 63 0.0996403160
GRID 720 -415 96 -0.2977677453
GRID 720 -415 128 -0.4583333333
GRID 720 -415 200 -0.4583333333
GRID 720 -415 256 -0.0249947917
GRID 720 -415 319 -0.0249947917
GRID 720 -414 -64 0.0374824219
GRID 720 -414 -32 0.0286514578
GRID 720 -414 0 0.0392984859
GRID 720 -414 32 0.0205685320
GRID 720 -414 63 0.1104024288
GRID 720 -414 96 -0.2977006315
GRID 720 -414 128 -0.4583333333
GRID 720 -414 200 -0.4583333333
GRID 720 -414 256 -0.0249947917
GRID 720 -414 319 -0.0249947917
GRID 720 -413 -64 0.0374824219
GRID 720 -413 -32 0.0277078102
GRID 720 -413 0 0.0384587785
GRID 720 -413 32 0.0205807274
GRID 720 -413 63 0.1211382812
GRID 720 -413 96 -0.2976335142
GRID 720 -413 128 -0.4583333333
GRID 720 -413 200 -0.4583333333
GRID 720 -413 256 -0.0249947917
GRID 720 -413 319 -0.0249947917
GRID 720 -412 -64 0.0374824219
GRID 720 -412 -32 0.0267641132
GRID 720 -412 0 0.0376190167
GRID 720 -412 32 0.0205929226
GRID 720 -412 63 0.1318452952
GRID 720 -412 96 -0.2975663936
GRID 720 -412 128 -0.4583333333
GRID 720 -412 200 -0.4583333333
GRID 720 -412 256 -0.0249947917
GRID 720 -412 319 -0.0249947917
GRID 720 -411 -64 0.0374824219
GRID 720 -411 -32 0.0254000944
GRID 720 -411 0 0.0359449198
GRID 720 -411 32 0.0206506503
GRID 720 -411 63 0.1379324296
GRID 720 -411 96 -0.2992316084
GRID 720 -411 128 -0.4583333333
GRID 720 -411 200 -0.4583333333
GRID 720 -411 256 -0.0249947917
GRID 720 -411 319 -0.0249947917
GRID 720 -410 -64 0.0374824219
GRID 720 -410 -32 0.0240359810
GRID 720 -410 0 0.0342706208
GRID 720 -410 32 0.0207083779
GRID 720 -410 63 0.1440088863
GRID 720 -410 96 -0.3008947305
GRID 720 -410 128 -0.4583333333
GRID 720 -410 200 -0.4583333333
GRID 720 -410 256 -0.0249947917
GRID 720 -410 319 -0.0249947917
GRID 720 -409 -64 0.0374824219
GRID 720 -409 -32 0.0226717779
GRID 720 -409 0 0.0325961290
GRID 720 -409 32 0.0207661053
GRID 720 -409 63 0.1500741885
GRID 720 -409 96 -0.3025557475
GRID 720 -409 128 -0.4583333333
GRID 720 -409 200 -0.4583333333
GRID 720 -409 256 -0.0249947917
GRID 720 -409 319 -0.0249947917
GRID 720 -408 -64 0.0374824219
GRID 720 -408 -32 0.0213074904
GRID 720 -408 0 0.0309214541
GRID 720 -408 32 0.0208238326
GRID 720 -408 63 0.1561278591
GRID 720 -408 96 -0.3042146469
GRID 720 -408 128 -0.4583333333
GRID 720 -408 200 -0.4583333333
GRID 720 -408 256 -0.0249947917
GRID 720 -408 319 -0.0249947917
GRID 720 -407 -64 0.0374824219
GRID 720 -407 -32 0.0193111121
GRID 720 -407 0 0.0290177217
GRID 720 -407 32 0.0208384880
GRID 720 -407 63 0.1339897537
GRID 720 -407 96 -0.3153376403
GRID 720 -407 128 -0.4583333333
GRID 720 -407 200 -0.4583333333
GRID 720 -407 256 -0.0249947917
GRID 720 -407 319 -0.0249947917
GRID 720 -406 -64 0.0374824219
GRID 720 -406 -32 0.0173145796
GRID 720 -406 0 0.0271137786
GRID 720 -406 32 0.0208531435
GRID 720 -406 63 0.1117136719
GRID 720 -406 96 -0.3263600914
GRID 720 -406 128 -0.4583333333
GRID 720 -406 200 -0.4583333333
GRID 720 -406 256 -0.0249947917
GRID 720 -406 319 -0.0249947917
GRID 720 -405 -64 0.0374824219
GRID 720 -405 -32 0.0153179090
GRID 720 -405 0 0.0252096385
GRID 720 -405 32 0.0208677989
GRID 720 -405 63 0.0893227677
GRID 720 -405 96 -0.3372781878
GRID 720 -405 128 -0.4583333333
GRID 720 -405 200 -0.4583333333
GRID 720 -405 256 -0.0249947917
GRID 720 -405 319 -0.0249947917
GRID 720 -404 -64 0.0374824219
GRID 720 -404 -32 0.0133211162
GRID 720 -404 0 0.0233053153
GRID 720 -404 32 0.0208824543
GRID 720 -404 63 0.0668401953
GRID 720 -404 96 -0.3480881170
GRID 720 -404 128 -0.4583333333
GRID 720 -404 200 -0.4583333333
GRID 720 -404 256 -0.0249947917
GRID 720 -404 319 -0.0249947917
GRID 720 -403 -64 0.0374824219
GRID 720 -403 -32 0.0107103519
GRID 720 -403 0 0.0212335277
GRID 720 -403 32 0.0206172625
GRID 720 -403 63 0.0438207821
GRID 720 -403 96 -0.3628835434
GRID 720 -403 128 -0.4583333333
GRID 720 -403 200 -0.4583333333
GRID 720 -403 256 -0.0249947917
GRID 720 -403 319 -0.0249947917
GRID 720 -402 -64 0.0374824219
GRID 720 -402 -32 0.0080994415
GRID 720 -402 0 0.0191615576
GRID 720 -402 32 0.0203520677
GRID 720 -402 63 0.0207546077
GRID 720 -402 96 -0.3774537435
GRID 720 -402 128 -0.4583333333
GRID 720 -402 200 -0.4583333333
GRID 720 -402 256 -0.0249947917
GRID 720 -402 319 -0.0249947917
GRID 720 -401 -64 0.0374824219
GRID 720 -401 -32 0.0054884206
GRID 720 -401 0 0.0170894228
GRID 720 -401 32 0.0200868701
GRID 720 -401 63 -0.0023337029
GRID 720 -401 96 -0.3917885689
GRID 720 -401 128 -0.4583333333
GRID 720 -401 200 -0.4583333333
GRID 720 -401 256 -0.0249947917
GRID 720 -401 319 -0.0249947917
GRID 721 -416 -64 0.0374824219
GRID 721 -416 -32 0.0320666997
GRID 721 -416 0 0.0362534250
GRID 721 -416 32 0.0183719916
GRID 721 -416 63 0.0856394019
GRID 721 -416 96 -0.3085256860
GRID 721 -416 128 -0.4583333333
GRID 721 -416 200 -0.4583333333
GRID 721 -416 256 -0.0249947917
GRID 721 -416 319 -0.0249947917
GRID 721 -415 -64 0.0374824219
GRID 721 -415 -32 0.0310579673
GRID 721 -415 0 0.0356089148
GRID 721 -415 32 0.0183911824
GRID 721 -415 63 0.0962409258
GRID 721 -415 96 -0.3078528707
GRID 721 -415 128 -0.4583333333
GRID 721 -415 200 -0.4583333333
GRID 721 -415 256 -0.0249947917
GRID 721 -415 319 -0.0249947917
GRID 721 -414 -64 0.0374824219
GRID 721 -414 -32 0.0300491715
GRID 721 -414 0 0.0349643749
GRID 721 -414 32 0.0184103732
GRID 721 -414 63 0.1068203829
GRID 721 -414 96 -0.3071796978
GRID 721 -414 128 -0.4583333333
GRID 721 -414 200 -0.4583333333
GRID 721 -414 256 -0.0249947917
GRID 721 -414 319 -0.0249947917
GRID 721 -413 -64 0.0374824219
GRID 721 -413 -32 0.0290403144
GRID 721 -413 0 0.0343198058
GRID 721 -413 32 0.0184295640
GRID 721 -413 63 0.1173753295
GRID 721 -413 96 -0.3065061683
GRID 721 -413 128 -0.4583333333
GRID 721 -413 200 -0.4583333333
GRID 721 -413 256 -0.0249947917
GRID 721 -413 319 -0.0249947917
GRID 721 -412 -64 0.0374824219
GRID 721 -412 -32 0.0280313981
GRID 721 -412 0 0.0336752082
GRID 721 -412 32 0.0184487548
GRID 721 -412 63 0.1279033222
GRID 721 -412 96 -0.3058322829
GRID 721 -412 128 -0.4583333333
GRID 721 -412 200 -0.4583333333
GRID 721 -412 256 -0.0249947917
GRID 721 -412 319 -0.0249947917
GRID 721 -411 -64 0.0374824219
GRID 721 -411 -32 0.0265886967
GRID 721 -411 0 0.0323926901
GRID 721 -411 32 0.0185242330
GRID 721 -411 63 0.1347900388
GRID 721 -411 96 -0.3074024611
GRID 721 -411 128 -0.4583333333
GRID 721 -411 200 -0.4583333333
GRID 721 -411 256 -0.0249947917
GRID 721 -411 319 -0.0249947917
GRID 721 -410 -64 0.0374824219
GRID 721 -410 -32 0.0251458845
GRID 721 -410 0 0.0311100651
GRID 721 -410 32 0.0185997109
GRID 721 -410 63 0.1416634300
GRID 721 -410 96 -0.3089706999
GRID 721 -410 128 -0.4583333333
GRID 721 -410 200 -0.4583333333
GRID 721 -410 256 -0.0249947917
GRID 721 -410 319 -0.0249947917
GRID 721 -409 -64 0.0374824219
GRID 721 -409 -32 0.0237029673
GRID 721 -409 0 0.0298273376
GRID 721 -409 32 0.0186751887
GRID 721 -409 63 0.1485228071
GRID 721 -409 96 -0.3105369885
GRID 721 -409 128 -0.4583333333
GRID 721 -409 200 -0.4583333333
GRID 721 -409 256 -0.0249947917
GRID 721 -409 319 -0.0249947917
GRID 721 -408 -64 0.0374824219
GRID 721 -408 -32 0.0222599513
GRID 721 -408 0 0.0285445116
GRID 721 -408 32 0.0187506663
GRID 721 -408 63 0.1553674813
GRID 721 -408 96 -0.3121013163
GRID 721 -408 128 -0.4583333333
GRID 721 -408 200 -0.4583333333
GRID 721 -408 256 -0.0249947917
GRID 721 -408 319 -0.0249947917
GRID 721 -407 -64 0.0374824219
GRID 721 -407 -32 0.0201772698
GRID 721 -407 0 0.0270053209
GRID 721 -407 32 0.0187837703
GRID 721 -407 63 0.1405141500
GRID 721 -407 96 -0.3201044120
GRID 721 -407 128 -0.4583333333
GRID 721 -407 200 -0.4583333333
GRID 721 -407 256 -0.0249947917
GRID 721 -407 319 -0.0249947917
GRID 721 -406 -64 0.0374824219
GRID 721 -406 -32 0.0180944131
GRID 721 -406 0 0.0254660020
GRID 721 -406 32 0.0188168743
GRID 721 -406 63 0.1255955302
GRID 721 -406 96 -0.3280540625
GRID 721 -406 128 -0.4583333333
GRID 721 -406 200 -0.4583333333
GRID 721 -406 256 -0.0249947917
GRID 721 -406 319 -0.0249947917
GRID 721 -405 -64 0.0374824219
GRID 721 -405 -32 0.0160113992
GRID 721 -405 0 0.0239265621
GRID 721 -405 32 0.0188499782
GRID 721 -405 63 0.1106186333
GRID 721 -405 96 -0.3359488257
GRID 721 -405 128 -0.4583333333
GRID 721 -405 200 -0.4583333333
GRID 721 -405 256 -0.0249947917
GRID 721 -405 319 -0.0249947917
GRID 721 -404 -64 0.0374824219
GRID 721 -404 -32 0.0139282463
GRID 721 -404 0 0.0223870088
GRID 721 -404 32 0.0188830821
GRID 721 -404 63 0.0955904705
GRID 721 -404 96 -0.3437872596
GRID 721 -404 128 -0.4583333333
GRID 721 -404 200 -0.4583333333
GRID 721 -404 256 -0.0249947917
GRID 721 -404 319 -0.0249947917
GRID 721 -403 -64 0.0374824219
GRID 721 -403 -32 0.0114052035
GRID 721 -403 0 0.0203582454
GRID 721 -403 32 0.0186277676
GRID 721 -403 63 0.0799630470
GRID 721 -403 96 -0.3562121397
GRID 721 -403 128 -0.4583333333
GRID 721 -403 200 -0.4583333333
GRID 721 -403 256 -0.0249947917
GRID 721 -403 319 -0.0249947917
GRID 721 -402 -64 0.0374824219
GRID 721 -402 -32 0.0088820153
GRID 721 -402 0 0.0183293142
GRID 721 -402 32 0.0183724507
GRID 721 -402 63 0.0642958680
GRID 721 -402 96 -0.3684831133
GRID 721 -402 128 -0.4583333333
GRID 721 -402 200 -0.4583333333
GRID 721 -402 256 -0.0249947917
GRID 721 -402 319 -0.0249947917
GRID 721 -401 -64 0.0374824219
GRID 721 -401 -32 0.0063587141
GRID 721 -401 0 0.0163002320
GRID 721 -401 32 0.0181171313
GRID 721 -401 63 0.0485967472
GRID 721 -401 96 -0.3805942677
GRID 721 -401 128 -0.4583333333
GRID 721 -401 200 -0.4583333333
GRID 721 -401 256 -0.0249947917
GRID 721 -401 319 -0.0249947917
GRID 722 -416 -64 0.0374824219
GRID 722 -416 -32 0.0335946514
GRID 722 -416 0 0.0315274936
GRID 722 -416 32 0.0161996683
GRID 722 -416 63 0.0824224806
GRID 722 -416 96 -0.3191267293
GRID 722 -416 128 -0.4583333333
GRID 722 -416 200 -0.4583333333
GRID 722 -416 256 -0.0249947917
GRID 722 -416 319 -0.0249947917
GRID 722 -415 -64 0.0374824219
GRID 722 -415 -32 0.0325207471
GRID 722 -415 0 0.0310782262
GRID 722 -415 32 0.0162258555
GRID 722 -415 63 0.0928392607
GRID 722 -415 96 -0.3178583282
GRID 722 -415 128 -0.4583333333
GRID 722 -415 200 -0.4583333333
GRID 722 -415 256 -0.0249947917
GRID 722 -415 319 -0.0249947917
GRID 722 -414 -64 0.0374824219
GRID 722 -414 -32 0.0314467676
GRID 722 -414 0 0.0306289461
GRID 722 -414 32 0.0162520427
GRID 722 -414 63 0.1032355185
GRID 722 -414 96 -0.3165885895
GRID 722 -414 128 -0.4583333333
GRID 722 -414 200 -0.4583333333
GRID 722 -414 256 -0.0249947917
GRID 722 -414 319 -0.0249947917
GRID 722 -413 -64 0.0374824219
GRID 722 -413 -32 0.0303727153
GRID 722 -413 0 0.0301796537
GRID 722 -413 32 0.0162782299
GRID 722 -413 63 0.1136089403
GRID 722 -413 96 -0.3153175192
GRID 722 -413 128 -0.4583333333
GRID 722 -413 200 -0.4583333333
GRID 722 -413 256 -0.0249947917
GRID 722 -413 319 -0.0249947917
GRID 722 -412 -64 0.0374824219
GRID 722 -412 -32 0.0292985929
GRID 722 -412 0 0.0297303491
GRID 722 -412 32 0.0163044171
GRID 722 -412 63 0.1239572121
GRID 722 -412 96 -0.3140451228
GRID 722 -412 128 -0.4583333333
GRID 722 -412 200 -0.4583333333
GRID 722 -412 256 -0.0249947917
GRID 722 -412 319 -0.0249947917
GRID 722 -411 -64 0.0374824219
GRID 722 -411 -32 0.0277772238
GRID 722 -411 0 0.0288396407
GRID 722 -411 32 0.0163976479
GRID 722 -411 63 0.1316448658
GRID 722 -411 96 -0.3155210616
GRID 722 -411 128 -0.4583333333
GRID 722 -411 200 -0.4583333333
GRID 722 -411 256 -0.0249947917
GRID 722 -411 319 -0.0249947917
GRID 722 -410 -64 0.0374824219
GRID 722 -410 -32 0.0262557259
GRID 722 -410 0 0.0279488864
GRID 722 -410 32 0.0164908784
GRID 722 -410 63 0.1393163374
GRID 722 -410 96 -0.3169952147
GRID 722 -410 128 -0.4583333333
GRID 722 -410 200 -0.4583333333
GRID 722 -410 256 -0.0249947917
GRID 722 -410 319 -0.0249947917
GRID 722 -409 -64 0.0374824219
GRID 722 -409 -32 0.0247341062
GRID 722 -409 0 0.0270580877
GRID 722 -409 32 0.0165841087
GRID 722 -409 63 0.1469706716
GRID 722 -409 96 -0.3184675732
GRID 722 -409 128 -0.4583333333
GRID 722 -409 200 -0.4583333333
GRID 722 -409 256 -0.0249947917
GRID 722 -409 319 -0.0249947917
GRID 722 -408 -64 0.0374824219
GRID 722 -408 -32 0.0232123718
GRID 722 -408 0 0.0261672460
GRID 722 -408 32 0.0166773386
GRID 722 -408 63 0.1546069131
GRID 722 -408 96 -0.3199381279
GRID 722 -408 128 -0.4583333333
GRID 722 -408 200 -0.4583333333
GRID 722 -408 256 -0.0249947917
GRID 722 -408 319 -0.0249947917
GRID 722 -407 -64 0.0374824219
GRID 722 -407 -32 0.0210433973
GRID 722 -407 0 0.0249927010
GRID 722 -407 32 0.0167288938
GRID 722 -407 63 0.1470260301
GRID 722 -407 96 -0.3248521731
GRID 722 -407 128 -0.4583333333
GRID 722 -407 200 -0.4583333333
GRID 722 -407 256 -0.0249947917
GRID 722 -407 319 -0.0249947917
GRID 722 -406 -64 0.0374824219
GRID 722 -406 -32 0.0188742245
GRID 722 -406 0 0.0238180868
GRID 722 -406 32 0.0167804489
GRID 722 -406 63 0.1394273086
GRID 722 -406 96 -0.3297455279
GRID 722 -406 128 -0.4583333333
GRID 722 -406 200 -0.4583333333
GRID 722 -406 256 -0.0249947917
GRID 722 -406 319 -0.0249947917
GRID 722 -405 -64 0.0374824219
GRID 722 -405 -32 0.0167048740
GRID 722 -405 0 0.0226434069
GRID 722 -405 32 0.0168320039
GRID 722 -405 63 0.1318116834
GRID 722 -405 96 -0.3346178532
GRID 722 -405 128 -0.4583333333
GRID 722 -405 200 -0.4583333333
GRID 722 -405 256 -0.0249947917
GRID 722 -405 319 -0.0249947917
GRID 722 -404 -64 0.0374824219
GRID 722 -404 -32 0.0145353661
GRID 722 -404 0 0.0214686644
GRID 722 -404 32 0.0168835588
GRID 722 -404 63 0.1241800891
GRID 722 -404 96 -0.3394688098
GRID 722 -404 128 -0.4583333333
GRID 722 -404 200 -0.4583333333
GRID 722 -404 256 -0.0249947917
GRID 722 -404 319 -0.0249947917
GRID 722 -403 -64 0.0374824219
GRID 722 -403 -32 0.0121000440
GRID 722 -403 0 0.0194829318
GRID 722 -403 32 0.0166381251
GRID 722 -403 63 0.1158942934
GRID 722 -403 96 -0.3494955094
GRID 722 -403 128 -0.4583333333
GRID 722 -403 200 -0.4583333333
GRID 722 -403 256 -0.0249947917
GRID 722 -403 319 -0.0249947917
GRID 722 -402 -64 0.0374824219
GRID 722 -402 -32 0.0096645783
GRID 722 -402 0 0.0174970454
GRID 722 -402 32 0.0163926895
GRID 722 -402 63 0.1075920364
GRID 722 -402 96 -0.3594251096
GRID 722 -402 128 -0.4583333333
GRID 722 -402 200 -0.4583333333
GRID 722 -402 256 -0.0249947917
GRID 722 -402 319 -0.0249947917
GRID 722 -401 -64 0.0374824219
GRID 722 -401 -32 0.0072289979
GRID 722 -401 0 0.0155110209
GRID 722 -401 32 0.0161472518
GRID 722 -401 63 0.0992745070
GRID 722 -401 96 -0.3692545526
GRID 722 -401 128 -0.4583333333
GRID 722 -401 200 -0.4583333333
GRID 722 -401 256 -0.0249947917
GRID 722 -401 319 -0.0249947917
GRID 723 -416 -64 0.0374824219
GRID 723 -416 -32 0.0351224459
GRID 723 -416 0 0.0268001502
GRID 723 -416 32 0.0140271919
GRID 723 -416 63 0.0792038250
GRID 723 -416 96 -0.3296346528
GRID 723 -416 128 -0.4583333333
GRID 723 -416 200 -0.4583333333
GRID 723 -416 256 -0.0249947917
GRID 723 -416 319 -0.0249947917
GRID 723 -415 -64 0.0374824219
GRID 723 -415 -32 0.0339833874
GRID 723 -415 0 0.0265462584
GRID 723 -415 32 0.0140603763
GRID 723 -415 63 0.0894354015
GRID 723 -415 96 -0.3277813223
GRID 723 -415 128 -0.4583333333
GRID 723 -415 200 -0.4583333333
GRID 723 -415 256 -0.0249947917
GRID 723 -415 319 -0.0249947917
GRID 723 -414 -64 0.0374824219
GRID 723 -414 -32 0.0328442405
GRID 723 -414 0 0.0262923631
GRID 723 -414 32 0.0140935607
GRID 723 -414 63 0.0996479311
GRID 723 -414 96 -0.3259249874
GRID 723 -414 128 -0.4583333333
GRID 723 -414 200 -0.4583333333
GRID 723 -414 256 -0.0249947917
GRID 723 -414 319 -0.0249947917
GRID 723 -413 -64 0.0374824219
GRID 723 -413 -32 0.0317050082
GRID 723 -413 0 0.0260384645
GRID 723 -413 32 0.0141267451
GRID 723 -413 63 0.1098392248
GRID 723 -413 96 -0.3240656665
GRID 723 -413 128 -0.4583333333
GRID 723 -413 200 -0.4583333333
GRID 723 -413 256 -0.0249947917
GRID 723 -413 319 -0.0249947917
GRID 723 -412 -64 0.0374824219
GRID 723 -412 -32 0.0305656933
GRID 723 -412 0 0.0257845625
GRID 723 -412 32 0.0141599294
GRID 723 -412 63 0.1200070940
GRID 723 -412 96 -0.3222033781
GRID 723 -412 128 -0.4583333333
GRID 723 -412 200 -0.4583333333
GRID 723 -412 256 -0.0249947917
GRID 723 -412 319 -0.0249947917
GRID 723 -411 -64 0.0374824219
GRID 723 -411 -32 0.0289656722
GRID 723 -411 0 0.0252858615
GRID 723 -411 32 0.0142709144
GRID 723 -411 63 0.1284969763
GRID 723 -411 96 -0.3235859214
GRID 723 -411 128 -0.4583333333
GRID 723 -411 200 -0.4583333333
GRID 723 -411 256 -0.0249947917
GRID 723 -411 319 -0.0249947917
GRID 723 -410 -64 0.0374824219
GRID 723 -410 -32 0.0273655025
GRID 723 -410 0 0.0247871480
GRID 723 -410 32 0.0143818991
GRID 723 -410 63 0.1369676360
GRID 723 -410 96 -0.3249668326
GRID 723 -410 128 -0.4583333333
GRID 723 -410 200 -0.4583333333
GRID 723 -410 256 -0.0249947917
GRID 723 -410 319 -0.0249947917
GRID 723 -409 -64 0.0374824219
GRID 723 -409 -32 0.0257651924
GRID 723 -409 0 0.0242884221
GRID 723 -409 32 0.0144928835
GRID 723 -409 63 0.1454177901
GRID 723 -409 96 -0.3263461039
GRID 723 -409 128 -0.4583333333
GRID 723 -409 200 -0.4583333333
GRID 723 -409 256 -0.0249947917
GRID 723 -409 319 -0.0249947917
GRID 723 -408 -64 0.0374824219
GRID 723 -408 -32 0.0241647502
GRID 723 -408 0 0.0237896841
GRID 723 -408 32 0.0146038675
GRID 723 -408 63 0.1538461555
GRID 723 -408 96 -0.3277237280
GRID 723 -408 128 -0.4583333333
GRID 723 -408 200 -0.4583333333
GRID 723 -408 256 -0.0249947917
GRID 723 -408 319 -0.0249947917
GRID 723 -407 -64 0.0374824219
GRID 723 -407 -32 0.0219094932
GRID 723 -407 0 0.0229798782
GRID 723 -407 32 0.0146738759
GRID 723 -407 63 0.1535248054
GRID 723 -407 96 -0.3295806176
GRID 723 -407 128 -0.4583333333
GRID 723 -407 200 -0.4583333333
GRID 723 -407 256 -0.0249947917
GRID 723 -407 319 -0.0249947917
GRID 723 -406 -64 0.0374824219
GRID 723 -406 -32 0.0196540130
GRID 723 -406 0 0.0221700422
GRID 723 -406 32 0.0147438842
GRID 723 -406 63 0.1532034219
GRID 723 -406 96 -0.3314344735
GRID 723 -406 128 -0.4583333333
GRID 723 -406 200 -0.4583333333
GRID 723 -406 256 -0.0249947917
GRID 723 -406 319 -0.0249947917
GRID 723 -405 -64 0.0374824219
GRID 723 -405 -32 0.0173983327
GRID 723 -405 0 0.0213601770
GRID 723 -405 32 0.0148138924
GRID 723 -405 63 0.1528820048
GRID 723 -405 96 -0.3332852772
GRID 723 -405 128 -0.4583333333
GRID 723 -405 200 -0.4583333333
GRID 723 -405 256 -0.0249947917
GRID 723 -405 319 -0.0249947917
GRID 723 -404 -64 0.0374824219
GRID 723 -404 -32 0.0151424752
GRID 723 -404 0 0.0205502838
GRID 723 -404 32 0.0148839004
GRID 723 -404 63 0.1525605543
GRID 723 -404 96 -0.3351330099
GRID 723 -404 128 -0.4583333333
GRID 723 -404 200 -0.4583333333
GRID 723 -404 256 -0.0249947917
GRID 723 -404 319 -0.0249947917
GRID 723 -403 -64 0.0374824219
GRID 723 -403 -32 0.0127948728
GRID 723 -403 0 0.0186075884
GRID 723 -403 32 0.0146483509
GRID 723 -403 63 0.1515189699
GRID 723 -403 96 -0.3427345944
GRID 723 -403 128 -0.4583333333
GRID 723 -403 200 -0.4583333333
GRID 723 -403 256 -0.0249947917
GRID 723 -403 319 -0.0249947917
GRID 723 -402 -64 0.0374824219
GRID 723 -402 -32 0.0104471294
GRID 723 -402 0 0.0166647524
GRID 723 -402 32 0.0144127997
GRID 723 -402 63 0.1504770380
GRID 723 -402 96 -0.3502821226
GRID 723 -402 128 -0.4583333333
GRID 723 -402 200 -0.4583333333
GRID 723 -402 256 -0.0249947917
GRID 723 -402 319 -0.0249947917
GRID 723 -401 -64 0.0374824219
GRID 723 -401 -32 0.0080992708
GRID 723 -401 0 0.0147217905
GRID 723 -401 32 0.0141772469
GRID 723 -401 63 0.1494347610
GRID 723 -401 96 -0.3577742827
GRID 723 -401 128 -0.4583333333
GRID 723 -401 200 -0.4583333333
GRID 723 -401 256 -0.0249947917
GRID 723 -401 319 -0.0249947917
GRID 724 -416 -64 0.0374824219
GRID 724 -416 -32 0.0366500759
GRID 724 -416 0 0.0220716066
GRID 724 -416 32 0.0118545831
GRID 724 -416 63 0.0759835031
GRID 724 -416 96 -0.3400461236
GRID 724 -416 128 -0.4583333333
GRID 724 -416 200 -0.4583333333
GRID 724 -416 256 -0.0249947917
GRID 724 -416 319 -0.0249947917
GRID 724 -415 -64 0.0374824219
GRID 724 -415 -32 0.0354458819
GRID 724 -415 0 0.0220131981
GRID 724 -415 32 0.0118947652
GRID 724 -415 63 0.0860294292
GRID 724 -415 96 -0.3376190575
GRID 724 -415 128 -0.4583333333
GRID 724 -415 200 -0.4583333333
GRID 724 -415 256 -0.0249947917
GRID 724 -415 319 -0.0249947917
GRID 724 -414 -64 0.0374824219
GRID 724 -414 -32 0.0342415849
GRID 724 -414 0 0.0219547894
GRID 724 -414 32 0.0119349473
GRID 724 -414 63 0.0960577157
GRID 724 -414 96 -0.3351865721
GRID 724 -414 128 -0.4583333333
GRID 724 -414 200 -0.4583333333
GRID 724 -414 256 -0.0249947917
GRID 724 -414 319 -0.0249947917
GRID 724 -413 -64 0.0374824219
GRID 724 -413 -32 0.0330371882
GRID 724 -413 0 0.0218963806
GRID 724 -413 32 0.0119751294
GRID 724 -413 63 0.1060662944
GRID 724 -413 96 -0.3327487099
GRID 724 -413 128 -0.4583333333
GRID 724 -413 200 -0.4583333333
GRID 724 -413 256 -0.0249947917
GRID 724 -413 319 -0.0249947917
GRID 724 -412 -64 0.0374824219
GRID 724 -412 -32 0.0318326954
GRID 724 -412 0 0.0218379716
GRID 724 -412 32 0.0120153114
GRID 724 -412 63 0.1160530968
GRID 724 -412 96 -0.3303055137
GRID 724 -412 128 -0.4583333333
GRID 724 -412 200 -0.4583333333
GRID 724 -412 256 -0.0249947917
GRID 724 -412 319 -0.0249947917
GRID 724 -411 -64 0.0374824219
GRID 724 -411 -32 0.0301540387
GRID 724 -411 0 0.0217314426
GRID 724 -411 32 0.0121440518
GRID 724 -411 63 0.1253464360
GRID 724 -411 96 -0.3315955522
GRID 724 -411 128 -0.4583333333
GRID 724 -411 200 -0.4583333333
GRID 724 -411 256 -0.0249947917
GRID 724 -411 319 -0.0249947917
GRID 724 -410 -64 0.0374824219
GRID 724 -410 -32 0.0284752117
GRID 724 -410 0 0.0216249132
GRID 724 -410 32 0.0122727918
GRID 724 -410 63 0.1346173533
GRID 724 -410 96 -0.3328841108
GRID 724 -410 128 -0.4583333333
GRID 724 -410 200 -0.4583333333
GRID 724 -410 256 -0.0249947917
GRID 724 -410 319 -0.0249947917
GRID 724 -409 -64 0.0374824219
GRID 724 -409 -32 0.0267962238
GRID 724 -409 0 0.0215183833
GRID 724 -409 32 0.0124015315
GRID 724 -409 63 0.1438641705
GRID 724 -409 96 -0.3341711831
GRID 724 -409 128 -0.4583333333
GRID 724 -409 200 -0.4583333333
GRID 724 -409 256 -0.0249947917
GRID 724 -409 319 -0.0249947917
GRID 724 -408 -64 0.0374824219
GRID 724 -408 -32 0.0251170846
GRID 724 -408 0 0.0214118529
GRID 724 -408 32 0.0125302707
GRID 724 -408 63 0.1530852093
GRID 724 -408 96 -0.3354567628
GRID 724 -408 128 -0.4583333333
GRID 724 -408 200 -0.4583333333
GRID 724 -408 256 -0.0249947917
GRID 724 -408 319 -0.0249947917
GRID 724 -407 -64 0.0374824219
GRID 724 -407 -32 0.0227755561
GRID 724 -407 0 0.0209668691
GRID 724 -407 32 0.0126187341
GRID 724 -407 63 0.1600098875
GRID 724 -407 96 -0.3342894397
GRID 724 -407 128 -0.4583333333
GRID 724 -407 200 -0.4583333333
GRID 724 -407 256 -0.0249947917
GRID 724 -407 319 -0.0249947917
GRID 724 -406 -64 0.0374824219
GRID 724 -406 -32 0.0204337775
GRID 724 -406 0 0.0205218770
GRID 724 -406 32 0.0127071972
GRID 724 -406 63 0.1669182846
GRID 724 -406 96 -0.3331208854
GRID 724 -406 128 -0.4583333333
GRID 724 -406 200 -0.4583333333
GRID 724 -406 256 -0.0249947917
GRID 724 -406 319 -0.0249947917
GRID 724 -405 -64 0.0374824219
GRID 724 -405 -32 0.0180917746
GRID 724 -405 0 0.0200768767
GRID 724 -405 32 0.0127956602
GRID 724 -405 63 0.1738096840
GRID 724 -405 96 -0.3319511046
GRID 724 -405 128 -0.4583333333
GRID 724 -405 200 -0.4583333333
GRID 724 -405 256 -0.0249947917
GRID 724 -405 319 -0.0249947917
GRID 724 -404 -64 0.0374824219
GRID 724 -404 -32 0.0157495731
GRID 724 -404 0 0.0196318685
GRID 724 -404 32 0.0128841229
GRID 724 -404 63 0.1806833696
GRID 724 -404 96 -0.3307801021
GRID 724 -404 128 -0.4583333333
GRID 724 -404 200 -0.4583333333
GRID 724 -404 256 -0.0249947917
GRID 724 -404 319 -0.0249947917
GRID 724 -403 -64 0.0374824219
GRID 724 -403 -32 0.0134896893
GRID 724 -403 0 0.0177322164
GRID 724 -403 32 0.0126584605
GRID 724 -403 63 0.1867415254
GRID 724 -403 96 -0.3359303365
GRID 724 -403 128 -0.4583333333
GRID 724 -403 200 -0.4583333333
GRID 724 -403 256 -0.0249947917
GRID 724 -403 319 -0.0249947917
GRID 724 -402 -64 0.0374824219
GRID 724 -402 -32 0.0112296678
GRID 724 -402 0 0.0158324363
GRID 724 -402 32 0.0124327968
GRID 724 -402 63 0.1927847982
GRID 724 -402 96 -0.3410565423
GRID 724 -402 128 -0.4583333333
GRID 724 -402 200 -0.4583333333
GRID 724 -402 256 -0.0249947917
GRID 724 -402 319 -0.0249947917
GRID 724 -401 -64 0.0374824219
GRID 724 -401 -32 0.0089695314
GRID 724 -401 0 0.0139325418
GRID 724 -401 32 0.0122071319
GRID 724 -401 63 0.1988126939
GRID 724 -401 96 -0.3461583175
GRID 724 -401 128 -0.4583333333
GRID 724 -401 200 -0.4583333333
GRID 724 -401 256 -0.0249947917
GRID 724 -401 319 -0.0249947917
GRID 725 -416 -64 0.0374824219
GRID 725 -416 -32 0.0385529740
GRID 725 -416 0 0.0191945006
GRID 725 -416 32 0.0102919255
GRID 725 -416 63 0.0729217699
GRID 725 -416 96 -0.3324835425
GRID 725 -416 128 -0.4583333333
GRID 725 -416 200 -0.4583333333
GRID 725 -416 256 -0.0249947917
GRID 725 -416 319 -0.0249947917
GRID 725 -415 -64 0.0374824219
GRID 725 -415 -32 0.0372286426
GRID 725 -415 0 0.0192025782
GRID 725 -415 32 0.0103283014
GRID 725 -415 63 0.0827727472
GRID 725 -415 96 -0.3296982249
GRID 725 -415 128 -0.4583333333
GRID 725 -415 200 -0.4583333333
GRID 725 -415 256 -0.0249947917
GRID 725 -415 319 -0.0249947917
GRID 725 -414 -64 0.0374824219
GRID 725 -414 -32 0.0359041801
GRID 725 -414 0 0.0192106559
GRID 725 -414 32 0.0103646773
GRID 725 -414 63 0.0926074246
GRID 725 -414 96 -0.3269060495
GRID 725 -414 128 -0.4583333333
GRID 725 -414 200 -0.4583333333
GRID 725 -414 256 -0.0249947917
GRID 725 -414 319 -0.0249947917
GRID 725 -413 -64 0.0374824219
GRID 725 -413 -32 0.0345795913
GRID 725 -413 0 0.0192187335
GRID 725 -413 32 0.0104010531
GRID 725 -413 63 0.1024238549
GRID 725 -413 96 -0.3241070793
GRID 725 -413 128 -0.4583333333
GRID 725 -413 200 -0.4583333333
GRID 725 -413 256 -0.0249947917
GRID 725 -413 319 -0.0249947917
GRID 725 -412 -64 0.0374824219
GRID 725 -412 -32 0.0332548808
GRID 725 -412 0 0.0192268111
GRID 725 -412 32 0.0104374290
GRID 725 -412 63 0.1122200909
GRID 725 -412 96 -0.3213013775
GRID 725 -412 128 -0.4583333333
GRID 725 -412 200 -0.4583333333
GRID 725 -412 256 -0.0249947917
GRID 725 -412 319 -0.0249947917
GRID 725 -411 -64 0.0374824219
GRID 725 -411 -32 0.0313906656
GRID 725 -411 0 0.0192136864
GRID 725 -411 32 0.0105622629
GRID 725 -411 63 0.1213947051
GRID 725 -411 96 -0.3228460705
GRID 725 -411 128 -0.4583333333
GRID 725 -411 200 -0.4583333333
GRID 725 -411 256 -0.0249947917
GRID 725 -411 319 -0.0249947917
GRID 725 -410 -64 0.0374824219
GRID 725 -410 -32 0.0295262317
GRID 725 -410 0 0.0192005616
GRID 725 -410 32 0.0106870965
GRID 725 -410 63 0.1305482031
GRID 725 -410 96 -0.3243887340
GRID 725 -410 128 -0.4583333333
GRID 725 -410 200 -0.4583333333
GRID 725 -410 256 -0.0249947917
GRID 725 -410 319 -0.0249947917
GRID 725 -409 -64 0.0374824219
GRID 725 -409 -32 0.0276615921
GRID 725 -409 0 0.0191874368
GRID 725 -409 32 0.0108119298
GRID 725 -409 63 0.1396789747
GRID 725 -409 96 -0.3259293572
GRID 725 -409 128 -0.4583333333
GRID 725 -409 200 -0.4583333333
GRID 725 -409 256 -0.0249947917
GRID 725 -409 319 -0.0249947917
GRID 725 -408 -64 0.0374824219
GRID 725 -408 -32 0.0257967597
GRID 725 -408 0 0.0191743121
GRID 725 -408 32 0.0109367628
GRID 725 -408 63 0.1487854098
GRID 725 -408 96 -0.3274679299
GRID 725 -408 128 -0.4583333333
GRID 725 -408 200 -0.4583333333
GRID 725 -408 256 -0.0249947917
GRID 725 -408 319 -0.0249947917
GRID 725 -407 -64 0.0374824219
GRID 725 -407 -32 0.0233654618
GRID 725 -407 0 0.0189094555
GRID 725 -407 32 0.0110195663
GRID 725 -407 63 0.1559136331
GRID 725 -407 96 -0.3288599139
GRID 725 -407 128 -0.4583333333
GRID 725 -407 200 -0.4583333333
GRID 725 -407 256 -0.0249947917
GRID 725 -407 319 -0.0249947917
GRID 725 -406 -64 0.0374824219
GRID 725 -406 -32 0.0209338873
GRID 725 -406 0 0.0186445963
GRID 725 -406 32 0.0111023697
GRID 725 -406 63 0.1630250993
GRID 725 -406 96 -0.3302501986
GRID 725 -406 128 -0.4583333333
GRID 725 -406 200 -0.4583333333
GRID 725 -406 256 -0.0249947917
GRID 725 -406 319 -0.0249947917
GRID 725 -405 -64 0.0374824219
GRID 725 -405 -32 0.0185020650
GRID 725 -405 0 0.0183797344
GRID 725 -405 32 0.0111851729
GRID 725 -405 63 0.1701190301
GRID 725 -405 96 -0.3316387762
GRID 725 -405 128 -0.4583333333
GRID 725 -405 200 -0.4583333333
GRID 725 -405 256 -0.0249947917
GRID 725 -405 319 -0.0249947917
GRID 725 -404 -64 0.0374824219
GRID 725 -404 -32 0.0160700237
GRID 725 -404 0 0.0181148700
GRID 725 -404 32 0.0112679760
GRID 725 -404 63 0.1771946475
GRID 725 -404 96 -0.3330256389
GRID 725 -404 128 -0.4583333333
GRID 725 -404 200 -0.4583333333
GRID 725 -404 256 -0.0249947917
GRID 725 -404 319 -0.0249947917
GRID 725 -403 -64 0.0374824219
GRID 725 -403 -32 0.0139412498
GRID 725 -403 0 0.0165603433
GRID 725 -403 32 0.0110362373
GRID 725 -403 63 0.1834942411
GRID 725 -403 96 -0.3370840315
GRID 725 -403 128 -0.4583333333
GRID 725 -403 200 -0.4583333333
GRID 725 -403 256 -0.0249947917
GRID 725 -403 319 -0.0249947917
GRID 725 -402 -64 0.0374824219
GRID 725 -402 -32 0.0118123495
GRID 725 -402 0 0.0150057365
GRID 725 -402 32 0.0108044974
GRID 725 -402 63 0.1897780704
GRID 725 -402 96 -0.3411274015
GRID 725 -402 128 -0.4583333333
GRID 725 -402 200 -0.4583333333
GRID 725 -402 256 -0.0249947917
GRID 725 -402 319 -0.0249947917
GRID 725 -401 -64 0.0374824219
GRID 725 -401 -32 0.0096833420
GRID 725 -401 0 0.0134510571
GRID 725 -401 32 0.0105727564
GRID 725 -401 63 0.1960455818
GRID 725 -401 96 -0.3451555516
GRID 725 -401 128 -0.4583333333
GRID 725 -401 200 -0.4583333333
GRID 725 -401 256 -0.0249947917
GRID 725 -401 319 -0.0249947917
GRID 726 -416 -64 0.0374824219
GRID 726 -416 -32 0.0404555920
GRID 726 -416 0 0.0163170764
GRID 726 -416 32 0.0087292175
GRID 726 -416 63 0.0698586518
GRID 726 -416 96 -0.3248694602
GRID 726 -416 128 -0.4583333333
GRID 726 -416 200 -0.4583333333
GRID 726 -416 256 -0.0249947917
GRID 726 -416 319 -0.0249947917
GRID 726 -415 -64 0.0374824219
GRID 726 -415 -32 0.0390111659
GRID 726 -415 0 0.0163916547
GRID 726 -415 32 0.0087617868
GRID 726 -415 63 0.0795142799
GRID 726 -415 96 -0.3217216753
GRID 726 -415 128 -0.4583333333
GRID 726 -415 200 -0.4583333333
GRID 726 -415 256 -0.0249947917
GRID 726 -415 319 -0.0249947917
GRID 726 -414 -64 0.0374824219
GRID 726 -414 -32 0.0375665763
GRID 726 -414 0 0.0164662327
GRID 726 -414 32 0.0087943561
GRID 726 -414 63 0.0891548821
GRID 726 -414 96 -0.3185654765
GRID 726 -414 128 -0.4583333333
GRID 726 -414 200 -0.4583333333
GRID 726 -414 256 -0.0249947917
GRID 726 -414 319 -0.0249947917
GRID 726 -413 -64 0.0374824219
GRID 726 -413 -32 0.0361218295
GRID 726 -413 0 0.0165408106
GRID 726 -413 32 0.0088269253
GRID 726 -413 63 0.0987786274
GRID 726 -413 96 -0.3154009530
GRID 726 -413 128 -0.4583333333
GRID 726 -413 200 -0.4583333333
GRID 726 -413 256 -0.0249947917
GRID 726 -413 319 -0.0249947917
GRID 726 -412 -64 0.0374824219
GRID 726 -412 -32 0.0346769314
GRID 726 -412 0 0.0166153883
GRID 726 -412 32 0.0088594946
GRID 726 -412 63 0.1083836847
GRID 726 -412 96 -0.3122281942
GRID 726 -412 128 -0.4583333333
GRID 726 -412 200 -0.4583333333
GRID 726 -412 256 -0.0249947917
GRID 726 -412 319 -0.0249947917
GRID 726 -411 -64 0.0374824219
GRID 726 -411 -32 0.0326271963
GRID 726 -411 0 0.0166956863
GRID 726 -411 32 0.0089804211
GRID 726 -411 63 0.1174390439
GRID 726 -411 96 -0.3140308910
GRID 726 -411 128 -0.4583333333
GRID 726 -411 200 -0.4583333333
GRID 726 -411 256 -0.0249947917
GRID 726 -411 319 -0.0249947917
GRID 726 -410 -64 0.0374824219
GRID 726 -410 -32 0.0305771864
GRID 726 -410 0 0.0167759841
GRID 726 -410 32 0.0091013475
GRID 726 -410 63 0.1264745456
GRID 726 -410 96 -0.3158309446
GRID 726 -410 128 -0.4583333333
GRID 726 -410 200 -0.4583333333
GRID 726 -410 256 -0.0249947917
GRID 726 -410 319 -0.0249947917
GRID 726 -409 -64 0.0374824219
GRID 726 -409 -32 0.0285269188
GRID 726 -409 0 0.0168562817
GRID 726 -409 32 0.0092222735
GRID 726 -409 63 0.1354886461
GRID 726 -409 96 -0.3176283387
GRID 726 -409 128 -0.4583333333
GRID 726 -409 200 -0.4583333333
GRID 726 -409 256 -0.0249947917
GRID 726 -409 319 -0.0249947917
GRID 726 -408 -64 0.0374824219
GRID 726 -408 -32 0.0264764110
GRID 726 -408 0 0.0169365791
GRID 726 -408 32 0.0093431993
GRID 726 -408 63 0.1444798015
GRID 726 -408 96 -0.3194230569
GRID 726 -408 128 -0.4583333333
GRID 726 -408 200 -0.4583333333
GRID 726 -408 256 -0.0249947917
GRID 726 -408 319 -0.0249947917
GRID 726 -407 -64 0.0374824219
GRID 726 -407 -32 0.0239553513
GRID 726 -407 0 0.0168518817
GRID 726 -407 32 0.0094203422
GRID 726 -407 63 0.1518118246
GRID 726 -407 96 -0.3234043781
GRID 726 -407 128 -0.4583333333
GRID 726 -407 200 -0.4583333333
GRID 726 -407 256 -0.0249947917
GRID 726 -407 319 -0.0249947917
GRID 726 -406 -64 0.0374824219
GRID 726 -406 -32 0.0214339867
GRID 726 -406 0 0.0167671840
GRID 726 -406 32 0.0094974850
GRID 726 -406 63 0.1591266386
GRID 726 -406 96 -0.3273722061
GRID 726 -406 128 -0.4583333333
GRID 726 -406 200 -0.4583333333
GRID 726 -406 256 -0.0249947917
GRID 726 -406 319 -0.0249947917
GRID 726 -405 -64 0.0374824219
GRID 726 -405 -32 0.0189123492
GRID 726 -405 0 0.0166824862
GRID 726 -405 32 0.0095746277
GRID 726 -405 63 0.1664234001
GRID 726 -405 96 -0.3313263609
GRID 726 -405 128 -0.4583333333
GRID 726 -405 200 -0.4583333333
GRID 726 -405 256 -0.0249947917
GRID 726 -405 319 -0.0249947917
GRID 726 -404 -64 0.0374824219
GRID 726 -404 -32 0.0163904710
GRID 726 -404 0 0.0165977880
GRID 726 -404 32 0.0096517702
GRID 726 -404 63 0.1737012655
GRID 726 -404 96 -0.3352666628
GRID 726 -404 128 -0.4583333333
GRID 726 -404 200 -0.4583333333
GRID 726 -404 256 -0.0249947917
GRID 726 -404 319 -0.0249947917
GRID 726 -403 -64 0.0374824219
GRID 726 -403 -32 0.0143928045
GRID 726 -403 0 0.0153884246
GRID 726 -403 32 0.0094139560
GRID 726 -403 63 0.1802427522
GRID 726 -403 96 -0.3382365093
GRID 726 -403 128 -0.4583333333
GRID 726 -403 200 -0.4583333333
GRID 726 -403 256 -0.0249947917
GRID 726 -403 319 -0.0249947917
GRID 726 -402 -64 0.0374824219
GRID 726 -402 -32 0.0123950232
GRID 726 -402 0 0.0141790162
GRID 726 -402 32 0.0091761407
GRID 726 -402 63 0.1867675923
GRID 726 -402 96 -0.3411982561
GRID 726 -402 128 -0.4583333333
GRID 726 -402 200 -0.4583333333
GRID 726 -402 256 -0.0249947917
GRID 726 -402 319 -0.0249947917
GRID 726 -401 -64 0.0374824219
GRID 726 -401 -32 0.0103971428
GRID 726 -401 0 0.0129695663
GRID 726 -401 32 0.0089383243
GRID 726 -401 63 0.1932751684
GRID 726 -401 96 -0.3441518256
GRID 726 -401 128 -0.4583333333
GRID 726 -401 200 -0.4583333333
GRID 726 -401 256 -0.0249947917
GRID 726 -401 319 -0.0249947917
GRID 727 -416 -64 0.0374824219
GRID 727 -416 -32 0.0423579160
GRID 727 -416 0 0.0134393819
GRID 727 -416 32 0.0071664669
GRID 727 -416 63 0.0667942070
GRID 727 -416 96 -0.3172051589
GRID 727 -416 128 -0.4583333333
GRID 727 -416 200 -0.4583333333
GRID 727 -416 256 -0.0249947917
GRID 727 -416 319 -0.0249947917
GRID 727 -415 -64 0.0374824219
GRID 727 -415 -32 0.0407934404
GRID 727 -415 0 0.0135804719
GRID 727 -415 32 0.0071952292
GRID 727 -415 63 0.0762540979
GRID 727 -415 96 -0.3136908715
GRID 727 -415 128 -0.4583333333
GRID 727 -415 200 -0.4583333333
GRID 727 -415 256 -0.0249947917
GRID 727 -415 319 -0.0249947917
GRID 727 -414 -64 0.0374824219
GRID 727 -414 -32 0.0392287643
GRID 727 -414 0 0.0137215614
GRID 727 -414 32 0.0072239915
GRID 727 -414 63 0.0857001726
GRID 727 -414 96 -0.3101665128
GRID 727 -414 128 -0.4583333333
GRID 727 -414 200 -0.4583333333
GRID 727 -414 256 -0.0249947917
GRID 727 -414 319 -0.0249947917
GRID 727 -413 -64 0.0374824219
GRID 727 -413 -32 0.0376638953
GRID 727 -413 0 0.0138626503
GRID 727 -413 32 0.0072527538
GRID 727 -413 63 0.0951307116
GRID 727 -413 96 -0.3066322045
GRID 727 -413 128 -0.4583333333
GRID 727 -413 200 -0.4583333333
GRID 727 -413 256 -0.0249947917
GRID 727 -413 319 -0.0249947917
GRID 727 -412 -64 0.0374824219
GRID 727 -412 -32 0.0360988413
GRID 727 -412 0 0.0140037386
GRID 727 -412 32 0.0072815160
GRID 727 -412 63 0.1045439954
GRID 727 -412 96 -0.3030880686
GRID 727 -412 128 -0.4583333333
GRID 727 -412 200 -0.4583333333
GRID 727 -412 256 -0.0249947917
GRID 727 -412 319 -0.0249947917
GRID 727 -411 -64 0.0374824219
GRID 727 -411 -32 0.0338636270
GRID 727 -411 0 0.0141774743
GRID 727 -411 32 0.0073985344
GRID 727 -411 63 0.1134795816
GRID 727 -411 96 -0.3051519519
GRID 727 -411 128 -0.4583333333
GRID 727 -411 200 -0.4583333333
GRID 727 -411 256 -0.0249947917
GRID 727 -411 319 -0.0249947917
GRID 727 -410 -64 0.0374824219
GRID 727 -410 -32 0.0316280733
GRID 727 -410 0 0.0143512092
GRID 727 -410 32 0.0075155526
GRID 727 -410 63 0.1223965233
GRID 727 -410 96 -0.3072125235
GRID 727 -410 128 -0.4583333333
GRID 727 -410 200 -0.4583333333
GRID 727 -410 256 -0.0249947917
GRID 727 -410 319 -0.0249947917
GRID 727 -409 -64 0.0374824219
GRID 727 -409 -32 0.0293922028
GRID 727 -409 0 0.0145249432
GRID 727 -409 32 0.0076325706
GRID 727 -409 63 0.1312933409
GRID 727 -409 96 -0.3092697595
GRID 727 -409 128 -0.4583333333
GRID 727 -409 200 -0.4583333333
GRID 727 -409 256 -0.0249947917
GRID 727 -409 319 -0.0249947917
GRID 727 -408 -64 0.0374824219
GRID 727 -408 -32 0.0271560377
GRID 727 -408 0 0.0146986763
GRID 727 -408 32 0.0077495883
GRID 727 -408 63 0.1401685549
GRID 727 -408 96 -0.3113236359
GRID 727 -408 128 -0.4583333333
GRID 727 -408 200 -0.4583333333
GRID 727 -408 256 -0.0249947917
GRID 727 -408 319 -0.0249947917
GRID 727 -407 -64 0.0374824219
GRID 727 -407 -32 0.0245452240
GRID 727 -407 0 0.0147941651
GRID 727 -407 32 0.0078210699
GRID 727 -407 63 0.1477046105
GRID 727 -407 96 -0.3179233008
GRID 727 -407 128 -0.4583333333
GRID 727 -407 200 -0.4583333333
GRID 727 -407 256 -0.0249947917
GRID 727 -407 319 -0.0249947917
GRID 727 -406 -64 0.0374824219
GRID 727 -406 -32 0.0219340752
GRID 727 -406 0 0.0148896535
GRID 727 -406 32 0.0078925513
GRID 727 -406 63 0.1552230310
GRID 727 -406 96 -0.3244869770
GRID 727 -406 128 -0.4583333333
GRID 727 -406 200 -0.4583333333
GRID 727 -406 256 -0.0249947917
GRID 727 -406 319 -0.0249947917
GRID 727 -405 -64 0.0374824219
GRID 727 -405 -32 0.0193226270
GRID 727 -405 0 0.0149851417
GRID 727 -405 32 0.0079640327
GRID 727 -405 63 0.1627229040
GRID 727 -405 96 -0.3310138588
GRID 727 -405 128 -0.4583333333
GRID 727 -405 200 -0.4583333333
GRID 727 -405 256 -0.0249947917
GRID 727 -405 319 -0.0249947917
GRID 727 -404 -64 0.0374824219
GRID 727 -404 -32 0.0167109149
GRID 727 -404 0 0.0150806296
GRID 727 -404 32 0.0080355140
GRID 727 -404 63 0.1702033173
GRID 727 -404 96 -0.3375031405
GRID 727 -404 128 -0.4583333333
GRID 727 -404 200 -0.4583333333
GRID 727 -404 256 -0.0249947917
GRID 727 -404 319 -0.0249947917
GRID 727 -403 -64 0.0374824219
GRID 727 -403 -32 0.0148443534
GRID 727 -403 0 0.0142164637
GRID 727 -403 32 0.0077916251
GRID 727 -403 63 0.1769871349
GRID 727 -403 96 -0.3393877653
GRID 727 -403 128 -0.4583333333
GRID 727 -403 200 -0.4583333333
GRID 727 -403 256 -0.0249947917
GRID 727 -403 319 -0.0249947917
GRID 727 -402 -64 0.0374824219
GRID 727 -402 -32 0.0129776884
GRID 727 -402 0 0.0133522765
GRID 727 -402 32 0.0075477353
GRID 727 -402 63 0.1837534249
GRID 727 -402 96 -0.3412691060
GRID 727 -402 128 -0.4583333333
GRID 727 -402 200 -0.4583333333
GRID 727 -402 256 -0.0249947917
GRID 727 -402 319 -0.0249947917
GRID 727 -401 -64 0.0374824219
GRID 727 -401 -32 0.0111109329
GRID 727 -401 0 0.0124880694
GRID 727 -401 32 0.0073038446
GRID 727 -401 63 0.1905015015
GRID 727 -401 96 -0.3431471427
GRID 727 -401 128 -0.4583333333
GRID 727 -401 200 -0.4583333333
GRID 727 -401 256 -0.0249947917
GRID 727 -401 319 -0.0249947917
GRID 728 -416 -64 0.0374824219
GRID 728 -416 -32 0.0442599322
GRID 728 -416 0 0.0105614647
GRID 728 -416 32 0.0056036813
GRID 728 -416 63 0.0637284940
GRID 728 -416 96 -0.3094919208
GRID 728 -416 128 -0.4583333333
GRID 728 -416 200 -0.4583333333
GRID 728 -416 256 -0.0249947917
GRID 728 -416 319 -0.0249947917
GRID 728 -415 -64 0.0374824219
GRID 728 -415 -32 0.0425754548
GRID 728 -415 0 0.0107690744
GRID 728 -415 32 0.0056286363
GRID 728 -415 63 0.0729922718
GRID 728 -415 96 -0.3056072765
GRID 728 -415 128 -0.4583333333
GRID 728 -415 200 -0.4583333333
GRID 728 -415 256 -0.0249947917
GRID 728 -415 319 -0.0249947917
GRID 728 -414 -64 0.0374824219
GRID 728 -414 -32 0.0408907347
GRID 728 -414 0 0.0109766832
GRID 728 -414 32 0.0056535913
GRID 728 -414 63 0.0822433805
GRID 728 -414 96 -0.3017108181
GRID 728 -414 128 -0.4583333333
GRID 728 -414 200 -0.4583333333
GRID 728 -414 256 -0.0249947917
GRID 728 -414 319 -0.0249947917
GRID 728 -413 -64 0.0374824219
GRID 728 -413 -32 0.0392057815
GRID 728 -413 0 0.0111842910
GRID 728 -413 32 0.0056785463
GRID 728 -413 63 0.0914802075
GRID 728 -413 96 -0.2978027072
GRID 728 -413 128 -0.4583333333
GRID 728 -413 200 -0.4583333333
GRID 728 -413 256 -0.0249947917
GRID 728 -413 319 -0.0249947917
GRID 728 -412 -64 0.0374824219
GRID 728 -412 -32 0.0375206048
GRID 728 -412 0 0.0113918978
GRID 728 -412 32 0.0057035013
GRID 728 -412 63 0.1007011402
GRID 728 -412 96 -0.2938831053
GRID 728 -412 128 -0.4583333333
GRID 728 -412 200 -0.4583333333
GRID 728 -412 256 -0.0249947917
GRID 728 -412 319 -0.0249947917
GRID 728 -411 -64 0.0374824219
GRID 728 -411 -32 0.0350999539
GRID 728 -411 0 0.0116590825
GRID 728 -411 32 0.0058166107
GRID 728 -411 63 0.1095164477
GRID 728 -411 96 -0.2962111914
GRID 728 -411 128 -0.4583333333
GRID 728 -411 200 -0.4583333333
GRID 728 -411 256 -0.0249947917
GRID 728 -411 319 -0.0249947917
GRID 728 -410 -64 0.0374824219
GRID 728 -410 -32 0.0326788903
GRID 728 -410 0 0.0119262655
GRID 728 -410 32 0.0059297199
GRID 728 -410 63 0.1183142782
GRID 728 -410 96 -0.2985352516
GRID 728 -410 128 -0.4583333333
GRID 728 -410 200 -0.4583333333
GRID 728 -410 256 -0.0249947917
GRID 728 -410 319 -0.0249947917
GRID 728 -409 -64 0.0374824219
GRID 728 -409 -32 0.0302574426
GRID 728 -409 0 0.0121934467
GRID 728 -409 32 0.0060428291
GRID 728 -409 63 0.1270932148
GRID 728 -409 96 -0.3008552520
GRID 728 -409 128 -0.4583333333
GRID 728 -409 200 -0.4583333333
GRID 728 -409 256 -0.0249947917
GRID 728 -409 319 -0.0249947917
GRID 728 -408 -64 0.0374824219
GRID 728 -408 -32 0.0278356393
GRID 728 -408 0 0.0124606263
GRID 728 -408 32 0.0061559380
GRID 728 -408 63 0.1358518407
GRID 728 -408 96 -0.3031711589
GRID 728 -408 128 -0.4583333333
GRID 728 -408 200 -0.4583333333
GRID 728 -408 256 -0.0249947917
GRID 728 -408 319 -0.0249947917
GRID 728 -407 -64 0.0374824219
GRID 728 -407 -32 0.0251350797
GRID 728 -407 0 0.0127363231
GRID 728 -407 32 0.0062217575
GRID 728 -407 63 0.1435921394
GRID 728 -407 96 -0.3124171506
GRID 728 -407 128 -0.4583333333
GRID 728 -407 200 -0.4583333333
GRID 728 -407 256 -0.0249947917
GRID 728 -407 319 -0.0249947917
GRID 728 -406 -64 0.0374824219
GRID 728 -406 -32 0.0224341529
GRID 728 -406 0 0.0130120180
GRID 728 -406 32 0.0062875770
GRID 728 -406 63 0.1513144048
GRID 728 -406 96 -0.3215945808
GRID 728 -406 128 -0.4583333333
GRID 728 -406 200 -0.4583333333
GRID 728 -406 256 -0.0249947917
GRID 728 -406 319 -0.0249947917
GRID 728 -405 -64 0.0374824219
GRID 728 -405 -32 0.0197328983
GRID 728 -405 0 0.0132877109
GRID 728 -405 32 0.0063533965
GRID 728 -405 63 0.1590176522
GRID 728 -405 96 -0.3307012700
GRID 728 -405 128 -0.4583333333
GRID 728 -405 200 -0.4583333333
GRID 728 -405 256 -0.0249947917
GRID 728 -405 319 -0.0249947917
GRID 728 -404 -64 0.0374824219
GRID 728 -404 -32 0.0170313554
GRID 728 -404 0 0.0135634017
GRID 728 -404 32 0.0064192158
GRID 728 -404 63 0.1667008968
GRID 728 -404 96 -0.3397350389
GRID 728 -404 128 -0.4583333333
GRID 728 -404 200 -0.4583333333
GRID 728 -404 256 -0.0249947917
GRID 728 -404 319 -0.0249947917
GRID 728 -403 -64 0.0374824219
GRID 728 -403 -32 0.0152958963
GRID 728 -403 0 0.0130444637
GRID 728 -403 32 0.0061692532
GRID 728 -403 63 0.1737274653
GRID 728 -403 96 -0.3405377950
GRID 728 -403 128 -0.4583333333
GRID 728 -403 200 -0.4583333333
GRID 728 -403 256 -0.0249947917
GRID 728 -403 319 -0.0249947917
GRID 728 -402 -64 0.0374824219
GRID 728 -402 -32 0.0135603449
GRID 728 -402 0 0.0125255186
GRID 728 -402 32 0.0059192899
GRID 728 -402 63 0.1807356292
GRID 728 -402 96 -0.3413399512
GRID 728 -402 128 -0.4583333333
GRID 728 -402 200 -0.4583333333
GRID 728 -402 256 -0.0249947917
GRID 728 -402 319 -0.0249947917
GRID 728 -401 -64 0.0374824219
GRID 728 -401 -32 0.0118247118
GRID 728 -401 0 0.0120065667
GRID 728 -401 32 0.0056693257
GRID 728 -401 63 0.1877246292
GRID 728 -401 96 -0.3421415059
GRID 728 -401 128 -0.4583333333
GRID 728 -401 200 -0.4583333333
GRID 728 -401 256 -0.0249947917
GRID 728 -401 319 -0.0249947917
GRID 729 -416 -64 0.0374824219
GRID 729 -416 -32 0.0444241816
GRID 729 -416 0 0.0101875667
GRID 729 -416 32 0.0045203071
GRID 729 -416 63 0.0566659366
GRID 729 -416 96 -0.3066615953
GRID 729 -416 128 -0.4583333333
GRID 729 -416 200 -0.4583333333
GRID 729 -416 256 -0.0249947917
GRID 729 -416 319 -0.0249947917
GRID 729 -415 -64 0.0374824219
GRID 729 -415 -32 0.0426780267
GRID 729 -415 0 0.0105652226
GRID 729 -415 32 0.0045279405
GRID 729 -415 63 0.0661898161
GRID 729 -415 96 -0.3031208621
GRID 729 -415 128 -0.4583333333
GRID 729 -415 200 -0.4583333333
GRID 729 -415 256 -0.0249947917
GRID 729 -415 319 -0.0249947917
GRID 729 -414 -64 0.0374824219
GRID 729 -414 -32 0.0409316103
GRID 729 -414 0 0.0109428754
GRID 729 -414 32 0.0045355739
GRID 729 -414 63 0.0757015789
GRID 729 -414 96 -0.2995704401
GRID 729 -414 128 -0.4583333333
GRID 729 -414 200 -0.4583333333
GRID 729 -414 256 -0.0249947917
GRID 729 -414 319 -0.0249947917
GRID 729 -413 -64 0.0374824219
GRID 729 -413 -32 0.0391849432
GRID 729 -413 0 0.0113205251
GRID 729 -413 32 0.0045432072
GRID 729 -413 63 0.0851994775
GRID 729 -413 96 -0.2960104511
GRID 729 -413 128 -0.4583333333
GRID 729 -413 200 -0.4583333333
GRID 729 -413 256 -0.0249947917
GRID 729 -413 319 -0.0249947917
GRID 729 -412 -64 0.0374824219
GRID 729 -412 -32 0.0374380361
GRID 729 -412 0 0.0116981716
GRID 729 -412 32 0.0045508406
GRID 729 -412 63 0.0946817644
GRID 729 -412 96 -0.2924410164
GRID 729 -412 128 -0.4583333333
GRID 729 -412 200 -0.4583333333
GRID 729 -412 256 -0.0249947917
GRID 729 -412 319 -0.0249947917
GRID 729 -411 -64 0.0374824219
GRID 729 -411 -32 0.0350414238
GRID 729 -411 0 0.0121851118
GRID 729 -411 32 0.0046439604
GRID 729 -411 63 0.1038412930
GRID 729 -411 96 -0.2940673879
GRID 729 -411 128 -0.4583333333
GRID 729 -411 200 -0.4583333333
GRID 729 -411 256 -0.0249947917
GRID 729 -411 319 -0.0249947917
GRID 729 -410 -64 0.0374824219
GRID 729 -410 -32 0.0326444077
GRID 729 -410 0 0.0126720462
GRID 729 -410 32 0.0047370801
GRID 729 -410 63 0.1129829819
GRID 729 -410 96 -0.2956918150
GRID 729 -410 128 -0.4583333333
GRID 729 -410 200 -0.4583333333
GRID 729 -410 256 -0.0249947917
GRID 729 -410 319 -0.0249947917
GRID 729 -409 -64 0.0374824219
GRID 729 -409 -32 0.0302470154
GRID 729 -409 0 0.0131589747
GRID 729 -409 32 0.0048301997
GRID 729 -409 63 0.1221052476
GRID 729 -409 96 -0.2973142862
GRID 729 -409 128 -0.4583333333
GRID 729 -409 200 -0.4583333333
GRID 729 -409 256 -0.0249947917
GRID 729 -409 319 -0.0249947917
GRID 729 -408 -64 0.0374824219
GRID 729 -408 -32 0.0278492747
GRID 729 -408 0 0.0136458969
GRID 729 -408 32 0.0049233193
GRID 729 -408 63 0.1312065064
GRID 729 -408 96 -0.2989347900
GRID 729 -408 128 -0.4583333333
GRID 729 -408 200 -0.4583333333
GRID 729 -408 256 -0.0249947917
GRID 729 -408 319 -0.0249947917
GRID 729 -407 -64 0.0374824219
GRID 729 -407 -32 0.0252056241
GRID 729 -407 0 0.0138420303
GRID 729 -407 32 0.0049695427
GRID 729 -407 63 0.1389554108
GRID 729 -407 96 -0.3088102060
GRID 729 -407 128 -0.4583333333
GRID 729 -407 200 -0.4583333333
GRID 729 -407 256 -0.0249947917
GRID 729 -407 319 -0.0249947917
GRID 729 -406 -64 0.0374824219
GRID 729 -406 -32 0.0225616206
GRID 729 -406 0 0.0140381627
GRID 729 -406 32 0.0050157661
GRID 729 -406 63 0.1466868799
GRID 729 -406 96 -0.3186088517
GRID 729 -406 128 -0.4583333333
GRID 729 -406 200 -0.4583333333
GRID 729 -406 256 -0.0249947917
GRID 729 -406 319 -0.0249947917
GRID 729 -405 -64 0.0374824219
GRID 729 -405 -32 0.0199173012
GRID 729 -405 0 0.0142342940
GRID 729 -405 32 0.0050619895
GRID 729 -405 63 0.1543999297
GRID 729 -405 96 -0.3283280960
GRID 729 -405 128 -0.4583333333
GRID 729 -405 200 -0.4583333333
GRID 729 -405 256 -0.0249947917
GRID 729 -405 319 -0.0249947917
GRID 729 -404 -64 0.0374824219
GRID 729 -404 -32 0.0172727030
GRID 729 -404 0 0.0144304243
GRID 729 -404 32 0.0051082128
GRID 729 -404 63 0.1620935759
GRID 729 -404 96 -0.3379653077
GRID 729 -404 128 -0.4583333333
GRID 729 -404 200 -0.4583333333
GRID 729 -404 256 -0.0249947917
GRID 729 -404 319 -0.0249947917
GRID 729 -403 -64 0.0374824219
GRID 729 -403 -32 0.0155505791
GRID 729 -403 0 0.0136230149
GRID 729 -403 32 0.0048448005
GRID 729 -403 63 0.1663108610
GRID 729 -403 96 -0.3408431662
GRID 729 -403 128 -0.4583333333
GRID 729 -403 200 -0.4583333333
GRID 729 -403 256 -0.0249947917
GRID 729 -403 319 -0.0249947917
GRID 729 -402 -64 0.0374824219
GRID 729 -402 -32 0.0138283629
GRID 729 -402 0 0.0128155878
GRID 729 -402 32 0.0045813874
GRID 729 -402 63 0.1705218322
GRID 729 -402 96 -0.3437133173
GRID 729 -402 128 -0.4583333333
GRID 729 -402 200 -0.4583333333
GRID 729 -402 256 -0.0249947917
GRID 729 -402 319 -0.0249947917
GRID 729 -401 -64 0.0374824219
GRID 729 -401 -32 0.0121060646
GRID 729 -401 0 0.0120081439
GRID 729 -401 32 0.0043179738
GRID 729 -401 63 0.1747263262
GRID 729 -401 96 -0.3465756897
GRID 729 -401 128 -0.4583333333
GRID 729 -401 200 -0.4583333333
GRID 729 -401 256 -0.0249947917
GRID 729 -401 319 -0.0249947917
GRID 730 -416 -64 0.0374824219
GRID 730 -416 -32 0.0445884287
GRID 730 -416 0 0.0098136659
GRID 730 -416 32 0.0034369223
GRID 730 -416 63 0.0495976789
GRID 730 -416 96 -0.3038249699
GRID 730 -416 128 -0.4583333333
GRID 730 -416 200 -0.4583333333
GRID 730 -416 256 -0.0249947917
GRID 730 -416 319 -0.0249947917
GRID 730 -415 -64 0.0374824219
GRID 730 -415 -32 0.0427805977
GRID 730 -415 0 0.0103613699
GRID 730 -415 32 0.0034272337
GRID 730 -415 63 0.0593811658
GRID 730 -415 96 -0.3006296738
GRID 730 -415 128 -0.4583333333
GRID 730 -415 200 -0.4583333333
GRID 730 -415 256 -0.0249947917
GRID 730 -415 319 -0.0249947917
GRID 730 -414 -64 0.0374824219
GRID 730 -414 -32 0.0409724858
GRID 730 -414 0 0.0109090676
GRID 730 -414 32 0.0034175451
GRID 730 -414 63 0.0691532035
GRID 730 -414 96 -0.2974265890
GRID 730 -414 128 -0.4583333333
GRID 730 -414 200 -0.4583333333
GRID 730 -414 256 -0.0249947917
GRID 730 -414 319 -0.0249947917
GRID 730 -413 -64 0.0374824219
GRID 730 -413 -32 0.0391641049
GRID 730 -413 0 0.0114567588
GRID 730 -413 32 0.0034078565
GRID 730 -413 63 0.0789119023
GRID 730 -413 96 -0.2942158041
GRID 730 -413 128 -0.4583333333
GRID 730 -413 200 -0.4583333333
GRID 730 -413 256 -0.0249947917
GRID 730 -413 319 -0.0249947917
GRID 730 -412 -64 0.0374824219
GRID 730 -412 -32 0.0373554669
GRID 730 -412 0 0.0120044431
GRID 730 -412 32 0.0033981679
GRID 730 -412 63 0.0886553725
GRID 730 -412 96 -0.2909974079
GRID 730 -412 128 -0.4583333333
GRID 730 -412 200 -0.4583333333
GRID 730 -412 256 -0.0249947917
GRID 730 -412 319 -0.0249947917
GRID 730 -411 -64 0.0374824219
GRID 730 -411 -32 0.0349828934
GRID 730 -411 0 0.0127111343
GRID 730 -411 32 0.0034712974
GRID 730 -411 63 0.0981592683
GRID 730 -411 96 -0.2919201965
GRID 730 -411 128 -0.4583333333
GRID 730 -411 200 -0.4583333333
GRID 730 -411 256 -0.0249947917
GRID 730 -411 319 -0.0249947917
GRID 730 -410 -64 0.0374824219
GRID 730 -410 -32 0.0326099249
GRID 730 -410 0 0.0134178129
GRID 730 -410 32 0.0035444268
GRID 730 -410 63 0.1076450576
GRID 730 -410 96 -0.2928423656
GRID 730 -410 128 -0.4583333333
GRID 730 -410 200 -0.4583333333
GRID 730 -410 256 -0.0249947917
GRID 730 -410 319 -0.0249947917
GRID 730 -409 -64 0.0374824219
GRID 730 -409 -32 0.0302365882
GRID 730 -409 0 0.0141244781
GRID 730 -409 32 0.0036175562
GRID 730 -409 63 0.1171109775
GRID 730 -409 96 -0.2937639132
GRID 730 -409 128 -0.4583333333
GRID 730 -409 200 -0.4583333333
GRID 730 -409 256 -0.0249947917
GRID 730 -409 319 -0.0249947917
GRID 730 -408 -64 0.0374824219
GRID 730 -408 -32 0.0278629101
GRID 730 -408 0 0.0148311291
GRID 730 -408 32 0.0036906856
GRID 730 -408 63 0.1265552651
GRID 730 -408 96 -0.2946848371
GRID 730 -408 128 -0.4583333333
GRID 730 -408 200 -0.4583333333
GRID 730 -408 256 -0.0249947917
GRID 730 -408 319 -0.0249947917
GRID 730 -407 -64 0.0374824219
GRID 730 -407 -32 0.0252761682
GRID 730 -407 0 0.0149477037
GRID 730 -407 32 0.0037173123
GRID 730 -407 63 0.1343124172
GRID 730 -407 96 -0.3051929110
GRID 730 -407 128 -0.4583333333
GRID 730 -407 200 -0.4583333333
GRID 730 -407 256 -0.0249947917
GRID 730 -407 319 -0.0249947917
GRID 730 -406 -64 0.0374824219
GRID 730 -406 -32 0.0226890876
GRID 730 -406 0 0.0150642779
GRID 730 -406 32 0.0037439389
GRID 730 -406 63 0.1420527315
GRID 730 -406 96 -0.3156156724
GRID 730 -406 128 -0.4583333333
GRID 730 -406 200 -0.4583333333
GRID 730 -406 256 -0.0249947917
GRID 730 -406 319 -0.0249947917
GRID 730 -405 -64 0.0374824219
GRID 730 -405 -32 0.0201017028
GRID 730 -405 0 0.0151808517
GRID 730 -405 32 0.0037705656
GRID 730 -405 63 0.1497752245
GRID 730 -405 96 -0.3259499798
GRID 730 -405 128 -0.4583333333
GRID 730 -405 200 -0.4583333333
GRID 730 -405 256 -0.0249947917
GRID 730 -405 319 -0.0249947917
GRID 730 -404 -64 0.0374824219
GRID 730 -404 -32 0.0175140486
GRID 730 -404 0 0.0152974251
GRID 730 -404 32 0.0037971922
GRID 730 -404 63 0.1574789127
GRID 730 -404 96 -0.3361926917
GRID 730 -404 128 -0.4583333333
GRID 730 -404 200 -0.4583333333
GRID 730 -404 256 -0.0249947917
GRID 730 -404 319 -0.0249947917
GRID 730 -403 -64 0.0374824219
GRID 730 -403 -32 0.0158052600
GRID 730 -403 0 0.0142015570
GRID 730 -403 32 0.0035203307
GRID 730 -403 63 0.1588746476
GRID 730 -403 96 -0.3411484504
GRID 730 -403 128 -0.4583333333
GRID 730 -403 200 -0.4583333333
GRID 730 -403 256 -0.0249947917
GRID 730 -403 319 -0.0249947917
GRID 730 -402 -64 0.0374824219
GRID 730 -402 -32 0.0140963790
GRID 730 -402 0 0.0131056548
GRID 730 -402 32 0.0032434686
GRID 730 -402 63 0.1602697251
GRID 730 -402 96 -0.3460813620
GRID 730 -402 128 -0.4583333333
GRID 730 -402 200 -0.4583333333
GRID 730 -402 256 -0.0249947917
GRID 730 -402 319 -0.0249947917
GRID 730 -401 -64 0.0374824219
GRID 730 -401 -32 0.0123874156
GRID 730 -401 0 0.0120097211
GRID 730 -401 32 0.0029666060
GRID 730 -401 63 0.1616641393
GRID 730 -401 96 -0.3509910633
GRID 730 -401 128 -0.4583333333
GRID 730 -401 200 -0.4583333333
GRID 730 -401 256 -0.0249947917
GRID 730 -401 319 -0.0249947917
GRID 731 -416 -64 0.0374824219
GRID 731 -416 -32 0.0447526733
GRID 731 -416 0 0.0094397623
GRID 731 -416 32 0.0023535294
GRID 731 -416 63 0.0425244330
GRID 731 -416 96 -0.3009821071
GRID 731 -416 128 -0.4583333333
GRID 731 -416 200 -0.4583333333
GRID 731 -416 256 -0.0249947917
GRID 731 -416 319 -0.0249947917
GRID 731 -415 -64 0.0374824219
GRID 731 -415 -32 0.0428831678
GRID 731 -415 0 0.0101575163
GRID 731 -415 32 0.0023265186
GRID 731 -415 63 0.0525669595
GRID 731 -415 96 -0.2981337538
GRID 731 -415 128 -0.4583333333
GRID 731 -415 200 -0.4583333333
GRID 731 -415 256 -0.0249947917
GRID 731 -415 319 -0.0249947917
GRID 731 -414 -64 0.0374824219
GRID 731 -414 -32 0.0410133611
GRID 731 -414 0 0.0108752598
GRID 731 -414 32 0.0022995077
GRID 731 -414 63 0.0625988247
GRID 731 -414 96 -0.2952792912
GRID 731 -414 128 -0.4583333333
GRID 731 -414 200 -0.4583333333
GRID 731 -414 256 -0.0249947917
GRID 731 -414 319 -0.0249947917
GRID 731 -413 -64 0.0374824219
GRID 731 -413 -32 0.0391432666
GRID 731 -413 0 0.0115929920
GRID 731 -413 32 0.0022724969
GRID 731 -413 63 0.0726179893
GRID 731 -413 96 -0.2924187817
GRID 731 -413 128 -0.4583333333
GRID 731 -413 200 -0.4583333333
GRID 731 -413 256 -0.0249947917
GRID 731 -413 319 -0.0249947917
GRID 731 -412 -64 0.0374824219
GRID 731 -412 -32 0.0372728972
GRID 731 -412 0 0.0123107123
GRID 731 -412 32 0.0022454861
GRID 731 -412 63 0.0826224137
GRID 731 -412 96 -0.2895522879
GRID 731 -412 128 -0.4583333333
GRID 731 -412 200 -0.4583333333
GRID 731 -412 256 -0.0249947917
GRID 731 -412 319 -0.0249947917
GRID 731 -411 -64 0.0374824219
GRID 731 -411 -32 0.0349243629
GRID 731 -411 0 0.0132371499
GRID 731 -411 32 0.0022986248
GRID 731 -411 63 0.0924707522
GRID 731 -411 96 -0.2897696436
GRID 731 -411 128 -0.4583333333
GRID 731 -411 200 -0.4583333333
GRID 731 -411 256 -0.0249947917
GRID 731 -411 319 -0.0249947917
GRID 731 -410 -64 0.0374824219
GRID 731 -410 -32 0.0325754421
GRID 731 -410 0 0.0141635646
GRID 731 -410 32 0.0023517634
GRID 731 -410 63 0.1023008211
GRID 731 -410 96 -0.2899869652
GRID 731 -410 128 -0.4583333333
GRID 731 -410 200 -0.4583333333
GRID 731 -410 256 -0.0249947917
GRID 731 -410 319 -0.0249947917
GRID 731 -409 -64 0.0374824219
GRID 731 -409 -32 0.0302261610
GRID 731 -409 0 0.0150899551
GRID 731 -409 32 0.0024049021
GRID 731 -409 63 0.1121106649
GRID 731 -409 96 -0.2902042529
GRID 731 -409 128 -0.4583333333
GRID 731 -409 200 -0.4583333333
GRID 731 -409 256 -0.0249947917
GRID 731 -409 319 -0.0249947917
GRID 731 -408 -64 0.0374824219
GRID 731 -408 -32 0.0278765454
GRID 731 -408 0 0.0160163197
GRID 731 -408 32 0.0024580407
GRID 731 -408 63 0.1218983285
GRID 731 -408 96 -0.2904215064
GRID 731 -408 128 -0.4583333333
GRID 731 -408 200 -0.4583333333
GRID 731 -408 256 -0.0249947917
GRID 731 -408 319 -0.0249947917
GRID 731 -407 -64 0.0374824219
GRID 731 -407 -32 0.0253467121
GRID 731 -407 0 0.0160533405
GRID 731 -407 32 0.0024650702
GRID 731 -407 63 0.1296633706
GRID 731 -407 96 -0.3015653959
GRID 731 -407 128 -0.4583333333
GRID 731 -407 200 -0.4583333333
GRID 731 -407 256 -0.0249947917
GRID 731 -407 319 -0.0249947917
GRID 731 -406 -64 0.0374824219
GRID 731 -406 -32 0.0228165538
GRID 731 -406 0 0.0160903613
GRID 731 -406 32 0.0024720996
GRID 731 -406 63 0.1374121717
GRID 731 -406 96 -0.3126151185
GRID 731 -406 128 -0.4583333333
GRID 731 -406 200 -0.4583333333
GRID 731 -406 256 -0.0249947917
GRID 731 -406 319 -0.0249947917
GRID 731 -405 -64 0.0374824219
GRID 731 -405 -32 0.0202861030
GRID 731 -405 0 0.0161273821
GRID 731 -405 32 0.0024791291
GRID 731 -405 63 0.1451437491
GRID 731 -405 96 -0.3235669603
GRID 731 -405 128 -0.4583333333
GRID 731 -405 200 -0.4583333333
GRID 731 -405 256 -0.0249947917
GRID 731 -405 319 -0.0249947917
GRID 731 -404 -64 0.0374824219
GRID 731 -404 -32 0.0177553922
GRID 731 -404 0 0.0161644029
GRID 731 -404 32 0.0024861586
GRID 731 -404 63 0.1528571200
GRID 731 -404 96 -0.3344172076
GRID 731 -404 128 -0.4583333333
GRID 731 -404 200 -0.4583333333
GRID 731 -404 256 -0.0249947917
GRID 731 -404 319 -0.0249947917
GRID 731 -403 -64 0.0374824219
GRID 731 -403 -32 0.0160599388
GRID 731 -403 0 0.0147800896
GRID 731 -403 32 0.0021958485
GRID 731 -403 63 0.1514197175
GRID 731 -403 96 -0.3414536475
GRID 731 -403 128 -0.4583333333
GRID 731 -403 200 -0.4583333333
GRID 731 -403 256 -0.0249947917
GRID 731 -403 319 -0.0249947917
GRID 731 -402 -64 0.0374824219
GRID 731 -402 -32 0.0143643930
GRID 731 -402 0 0.0133957196
GRID 731 -402 32 0.0019055382
GRID 731 -402 63 0.1499816537
GRID 731 -402 96 -0.3484440449
GRID 731 -402 128 -0.4583333333
GRID 731 -402 200 -0.4583333333
GRID 731 -402 256 -0.0249947917
GRID 731 -402 319 -0.0249947917
GRID 731 -401 -64 0.0374824219
GRID 731 -401 -32 0.0126687646
GRID 731 -401 0 0.0120112983
GRID 731 -401 32 0.0016152275
GRID 731 -401 63 0.1485429350
GRID 731 -401 96 -0.3553873623
GRID 731 -401 128 -0.4583333333
GRID 731 -401 200 -0.4583333333
GRID 731 -401 256 -0.0249947917
GRID 731 -401 319 -0.0249947917
GRID 732 -416 -64 0.0374824219
GRID 732 -416 -32 0.0449169154
GRID 732 -416 0 0.0090658561
GRID 732 -416 32 0.0012701309
GRID 732 -416 63 0.0354469114
GRID 732 -416 96 -0.2981330695
GRID 732 -416 128 -0.4583333333
GRID 732 -416 200 -0.4583333333
GRID 732 -416 256 -0.0249947917
GRID 732 -416 319 -0.0249947917
GRID 732 -415 -64 0.0374824219
GRID 732 -415 -32 0.0429857369
GRID 732 -415 0 0.0099536619
GRID 732 -415 32 0.0012257978
GRID 732 -415 63 0.0457478361
GRID 732 -415 96 -0.2956331440
GRID 732 -415 128 -0.4583333333
GRID 732 -415 200 -0.4583333333
GRID 732 -415 256 -0.0249947917
GRID 732 -415 319 -0.0249947917
GRID 732 -414 -64 0.0374824219
GRID 732 -414 -32 0.0410542364
GRID 732 -414 0 0.0108414519
GRID 732 -414 32 0.0011814647
GRID 732 -414 63 0.0560390132
GRID 732 -414 96 -0.2931285733
GRID 732 -414 128 -0.4583333333
GRID 732 -414 200 -0.4583333333
GRID 732 -414 256 -0.0249947917
GRID 732 -414 319 -0.0249947917
GRID 732 -413 -64 0.0374824219
GRID 732 -413 -32 0.0391224282
GRID 732 -413 0 0.0117292248
GRID 732 -413 32 0.0011371315
GRID 732 -413 63 0.0663182458
GRID 732 -413 96 -0.2906193994
GRID 732 -413 128 -0.4583333333
GRID 732 -413 200 -0.4583333333
GRID 732 -413 256 -0.0249947917
GRID 732 -413 319 -0.0249947917
GRID 732 -412 -64 0.0374824219
GRID 732 -412 -32 0.0371903269
GRID 732 -412 0 0.0126169793
GRID 732 -412 32 0.0010927984
GRID 732 -412 63 0.0765833368
GRID 732 -412 96 -0.2881056644
GRID 732 -412 128 -0.4583333333
GRID 732 -412 200 -0.4583333333
GRID 732 -412 256 -0.0249947917
GRID 732 -412 319 -0.0249947917
GRID 732 -411 -64 0.0374824219
GRID 732 -411 -32 0.0348658320
GRID 732 -411 0 0.0137631580
GRID 732 -411 32 0.0011259459
GRID 732 -411 63 0.0867761231
GRID 732 -411 96 -0.2876157555
GRID 732 -411 128 -0.4583333333
GRID 732 -411 200 -0.4583333333
GRID 732 -411 256 -0.0249947917
GRID 732 -411 319 -0.0249947917
GRID 732 -410 -64 0.0374824219
GRID 732 -410 -32 0.0325409592
GRID 732 -410 0 0.0149093006
GRID 732 -410 32 0.0011590934
GRID 732 -410 63 0.0969505879
GRID 732 -410 96 -0.2871256757
GRID 732 -410 128 -0.4583333333
GRID 732 -410 200 -0.4583333333
GRID 732 -410 256 -0.0249947917
GRID 732 -410 319 -0.0249947917
GRID 732 -409 -64 0.0374824219
GRID 732 -409 -32 0.0302157337
GRID 732 -409 0 0.0160554040
GRID 732 -409 32 0.0011922409
GRID 732 -409 63 0.1071045700
GRID 732 -409 96 -0.2866354253
GRID 732 -409 128 -0.4583333333
GRID 732 -409 200 -0.4583333333
GRID 732 -409 256 -0.0249947917
GRID 732 -409 319 -0.0249947917
GRID 732 -408 -64 0.0374824219
GRID 732 -408 -32 0.0278901808
GRID 732 -408 0 0.0172014652
GRID 732 -408 32 0.0012253884
GRID 732 -408 63 0.1172359084
GRID 732 -408 96 -0.2861450045
GRID 732 -408 128 -0.4583333333
GRID 732 -408 200 -0.4583333333
GRID 732 -408 256 -0.0249947917
GRID 732 -408 319 -0.0249947917
GRID 732 -407 -64 0.0374824219
GRID 732 -407 -32 0.0254172558
GRID 732 -407 0 0.0171589381
GRID 732 -407 32 0.0012128204
GRID 732 -407 63 0.1250084828
GRID 732 -407 96 -0.2979277910
GRID 732 -407 128 -0.4583333333
GRID 732 -407 200 -0.4583333333
GRID 732 -407 256 -0.0249947917
GRID 732 -407 319 -0.0249947917
GRID 732 -406 -64 0.0374824219
GRID 732 -406 -32 0.0229440194
GRID 732 -406 0 0.0171164109
GRID 732 -406 32 0.0012002524
GRID 732 -406 63 0.1327654127
GRID 732 -406 96 -0.3096072655
GRID 732 -406 128 -0.4583333333
GRID 732 -406 200 -0.4583333333
GRID 732 -406 256 -0.0249947917
GRID 732 -406 319 -0.0249947917
GRID 732 -405 -64 0.0374824219
GRID 732 -405 -32 0.0204705019
GRID 732 -405 0 0.0170738836
GRID 732 -405 32 0.0011876844
GRID 732 -405 63 0.1405057159
GRID 732 -405 96 -0.3211790764
GRID 732 -405 128 -0.4583333333
GRID 732 -405 200 -0.4583333333
GRID 732 -405 256 -0.0249947917
GRID 732 -405 319 -0.0249947917
GRID 732 -404 -64 0.0374824219
GRID 732 -404 -32 0.0179967337
GRID 732 -404 0 0.0170313563
GRID 732 -404 32 0.0011751164
GRID 732 -404 63 0.1482284103
GRID 732 -404 96 -0.3326388719
GRID 732 -404 128 -0.4583333333
GRID 732 -404 200 -0.4583333333
GRID 732 -404 256 -0.0249947917
GRID 732 -404 319 -0.0249947917
GRID 732 -403 -64 0.0374824219
GRID 732 -403 -32 0.0163146155
GRID 732 -403 0 0.0153586123
GRID 732 -403 32 0.0008713587
GRID 732 -403 63 0.1439469634
GRID 732 -403 96 -0.3417587574
GRID 732 -403 128 -0.4583333333
GRID 732 -403 200 -0.4583333333
GRID 732 -403 256 -0.0249947917
GRID 732 -403 319 -0.0249947917
GRID 732 -402 -64 0.0374824219
GRID 732 -402 -32 0.0146324049
GRID 732 -402 0 0.0136857822
GRID 732 -402 32 0.0005676009
GRID 732 -402 63 0.1396599641
GRID 732 -402 96 -0.3508013257
GRID 732 -402 128 -0.4583333333
GRID 732 -402 200 -0.4583333333
GRID 732 -402 256 -0.0249947917
GRID 732 -402 319 -0.0249947917
GRID 732 -401 -64 0.0374824219
GRID 732 -401 -32 0.0129501115
GRID 732 -401 0 0.0120128755
GRID 732 -401 32 0.0002638430
GRID 732 -401 63 0.1353675799
GRID 732 -401 96 -0.3597643222
GRID 732 -401 128 -0.4583333333
GRID 732 -401 200 -0.4583333333
GRID 732 -401 256 -0.0249947917
GRID 732 -401 319 -0.0249947917
GRID 733 -416 -64 0.0374824219
GRID 733 -416 -32 0.0451215242
GRID 733 -416 0 0.0098465018
GRID 733 -416 32 0.0005908981
GRID 733 -416 63 0.0271453109
GRID 733 -416 96 -0.2938476225
GRID 733 -416 128 -0.4583333333
GRID 733 -416 200 -0.4583333333
GRID 733 -416 256 -0.0249947917
GRID 733 -416 319 -0.0249947917
GRID 733 -415 -64 0.0374824219
GRID 733 -415 -32 0.0431883643
GRID 733 -415 0 0.0108461216
GRID 733 -415 32 0.0004991534
GRID 733 -415 63 0.0355055620
GRID 733 -415 96 -0.2915200219
GRID 733 -415 128 -0.4583333333
GRID 733 -415 200 -0.4583333333
GRID 733 -415 256 -0.0249947917
GRID 733 -415 319 -0.0249947917
GRID 733 -414 -64 0.0374824219
GRID 733 -414 -32 0.0412548802
GRID 733 -414 0 0.0118457196
GRID 733 -414 32 0.0004074087
GRID 733 -414 63 0.0438608380
GRID 733 -414 96 -0.2891884788
GRID 733 -414 128 -0.4583333333
GRID 733 -414 200 -0.4583333333
GRID 733 -414 256 -0.0249947917
GRID 733 -414 319 -0.0249947917
GRID 733 -413 -64 0.0374824219
GRID 733 -413 -32 0.0393210864
GRID 733 -413 0 0.0128452940
GRID 733 -413 32 0.0003156639
GRID 733 -413 63 0.0522099668
GRID 733 -413 96 -0.2868530267
GRID 733 -413 128 -0.4583333333
GRID 733 -413 200 -0.4583333333
GRID 733 -413 256 -0.0249947917
GRID 733 -413 319 -0.0249947917
GRID 733 -412 -64 0.0374824219
GRID 733 -412 -32 0.0373869973
GRID 733 -412 0 0.0138448427
GRID 733 -412 32 0.0002239192
GRID 733 -412 63 0.0605517761
GRID 733 -412 96 -0.2845136992
GRID 733 -412 128 -0.4583333333
GRID 733 -412 200 -0.4583333333
GRID 733 -412 256 -0.0249947917
GRID 733 -412 319 -0.0249947917
GRID 733 -411 -64 0.0374824219
GRID 733 -411 -32 0.0351055891
GRID 733 -411 0 0.0147769965
GRID 733 -411 32 0.0002079179
GRID 733 -411 63 0.0737188055
GRID 733 -411 96 -0.2849225502
GRID 733 -411 128 -0.4583333333
GRID 733 -411 200 -0.4583333333
GRID 733 -411 256 -0.0249947917
GRID 733 -411 319 -0.0249947917
GRID 733 -410 -64 0.0374824219
GRID 733 -410 -32 0.0328238143
GRID 733 -410 0 0.0157091246
GRID 733 -410 32 0.0001919165
GRID 733 -410 63 0.0868599931
GRID 733 -410 96 -0.2853312838
GRID 733 -410 128 -0.4583333333
GRID 733 -410 200 -0.4583333333
GRID 733 -410 256 -0.0249947917
GRID 733 -410 319 -0.0249947917
GRID 733 -409 -64 0.0374824219
GRID 733 -409 -32 0.0305416969
GRID 733 -409 0 0.0166412253
GRID 733 -409 32 0.0001759152
GRID 733 -409 63 0.0999707106
GRID 733 -409 96 -0.2857398999
GRID 733 -409 128 -0.4583333333
GRID 733 -409 200 -0.4583333333
GRID 733 -409 256 -0.0249947917
GRID 733 -409 319 -0.0249947917
GRID 733 -408 -64 0.0374824219
GRID 733 -408 -32 0.0282592605
GRID 733 -408 0 0.0175732971
GRID 733 -408 32 0.0001599138
GRID 733 -408 63 0.1130463298
GRID 733 -408 96 -0.2861483982
GRID 733 -408 128 -0.4583333333
GRID 733 -408 200 -0.4583333333
GRID 733 -408 256 -0.0249947917
GRID 733 -408 319 -0.0249947917
GRID 733 -407 -64 0.0374824219
GRID 733 -407 -32 0.0258581632
GRID 733 -407 0 0.0170476796
GRID 733 -407 32 0.0001083660
GRID 733 -407 63 0.1206184375
GRID 733 -407 96 -0.2973272406
GRID 733 -407 128 -0.4583333333
GRID 733 -407 200 -0.4583333333
GRID 733 -407 256 -0.0249947917
GRID 733 -407 319 -0.0249947917
GRID 733 -406 -64 0.0374824219
GRID 733 -406 -32 0.0234567671
GRID 733 -406 0 0.0165220526
GRID 733 -406 32 0.0000568182
GRID 733 -406 63 0.1281762541
GRID 733 -406 96 -0.3084133317
GRID 733 -406 128 -0.4583333333
GRID 733 -406 200 -0.4583333333
GRID 733 -406 256 -0.0249947917
GRID 733 -406 319 -0.0249947917
GRID 733 -405 -64 0.0374824219
GRID 733 -405 -32 0.0210551002
GRID 733 -405 0 0.0159964165
GRID 733 -405 32 0.0000052703
GRID 733 -405 63 0.1357188745
GRID 733 -405 96 -0.3194029577
GRID 733 -405 128 -0.4583333333
GRID 733 -405 200 -0.4583333333
GRID 733 -405 256 -0.0249947917
GRID 733 -405 319 -0.0249947917
GRID 733 -404 -64 0.0374824219
GRID 733 -404 -32 0.0186531901
GRID 733 -404 0 0.0154707715
GRID 733 -404 32 -0.0000462775
GRID 733 -404 63 0.1432453934
GRID 733 -404 96 -0.3302924047
GRID 733 -404 128 -0.4583333333
GRID 733 -404 200 -0.4583333333
GRID 733 -404 256 -0.0249947917
GRID 733 -404 319 -0.0249947917
GRID 733 -403 -64 0.0374824219
GRID 733 -403 -32 0.0169206338
GRID 733 -403 0 0.0137473057
GRID 733 -403 32 -0.0002494348
GRID 733 -403 63 0.1347059592
GRID 733 -403 96 -0.3422951292
GRID 733 -403 128 -0.4583333333
GRID 733 -403 200 -0.4583333333
GRID 733 -403 256 -0.0249947917
GRID 733 -403 319 -0.0249947917
GRID 733 -402 -64 0.0374824219
GRID 733 -402 -32 0.0151879759
GRID 733 -402 0 0.0120237582
GRID 733 -402 32 -0.0004525920
GRID 733 -402 63 0.1261459607
GRID 733 -402 96 -0.3541639174
GRID 733 -402 128 -0.4583333333
GRID 733 -402 200 -0.4583333333
GRID 733 -402 256 -0.0249947917
GRID 733 -402 319 -0.0249947917
GRID 733 -401 -64 0.0374824219
GRID 733 -401 -32 0.0134552268
GRID 733 -401 0 0.0103001392
GRID 733 -401 32 -0.0006557491
GRID 733 -401 63 0.1175667193
GRID 733 -401 96 -0.3658936423
GRID 733 -401 128 -0.4583333333
GRID 733 -401 200 -0.4583333333
GRID 733 -401 256 -0.0249947917
GRID 733 -401 319 -0.0249947917
GRID 734 -416 -64 0.0374824219
GRID 734 -416 -32 0.0453261292
GRID 734 -416 0 0.0106271355
GRID 734 -416 32 -0.0000883354
GRID 734 -416 63 0.0188399606
GRID 734 -416 96 -0.2895486312
GRID 734 -416 128 -0.4583333333
GRID 734 -416 200 -0.4583333333
GRID 734 -416 256 -0.0249947917
GRID 734 -416 319 -0.0249947917
GRID 734 -415 -64 0.0374824219
GRID 734 -415 -32 0.0433909882
GRID 734 -415 0 0.0117385640
GRID 734 -415 32 -0.0002274916
GRID 734 -415 63 0.0252558107
GRID 734 -415 96 -0.2873945724
GRID 734 -415 128 -0.4583333333
GRID 734 -415 200 -0.4583333333
GRID 734 -415 256 -0.0249947917
GRID 734 -415 319 -0.0249947917
GRID 734 -414 -64 0.0374824219
GRID 734 -414 -32 0.0414555208
GRID 734 -414 0 0.0128499635
GRID 734 -414 32 -0.0003666478
GRID 734 -414 63 0.0316695790
GRID 734 -414 96 -0.2852372080
GRID 734 -414 128 -0.4583333333
GRID 734 -414 200 -0.4583333333
GRID 734 -414 256 -0.0249947917
GRID 734 -414 319 -0.0249947917
GRID 734 -413 -64 0.0374824219
GRID 734 -413 -32 0.0395197415
GRID 734 -413 0 0.0139613312
GRID 734 -413 32 -0.0005058041
GRID 734 -413 63 0.0380807368
GRID 734 -413 96 -0.2830765646
GRID 734 -413 128 -0.4583333333
GRID 734 -413 200 -0.4583333333
GRID 734 -413 256 -0.0249947917
GRID 734 -413 319 -0.0249947917
GRID 734 -412 -64 0.0374824219
GRID 734 -412 -32 0.0375836648
GRID 734 -412 0 0.0150726644
GRID 734 -412 32 -0.0006449603
GRID 734 -412 63 0.0444887548
GRID 734 -412 96 -0.2809126684
GRID 734 -412 128 -0.4583333333
GRID 734 -412 200 -0.4583333333
GRID 734 -412 256 -0.0249947917
GRID 734 -412 319 -0.0249947917
GRID 734 -411 -64 0.0374824219
GRID 734 -411 -32 0.0353453421
GRID 734 -411 0 0.0157908045
GRID 734 -411 32 -0.0007101105
GRID 734 -411 63 0.0606359752
GRID 734 -411 96 -0.2822242408
GRID 734 -411 128 -0.4583333333
GRID 734 -411 200 -0.4583333333
GRID 734 -411 256 -0.0249947917
GRID 734 -411 319 -0.0249947917
GRID 734 -410 -64 0.0374824219
GRID 734 -410 -32 0.0331066642
GRID 734 -410 0 0.0165089284
GRID 734 -410 32 -0.0007752607
GRID 734 -410 63 0.0767513597
GRID 734 -410 96 -0.2835346228
GRID 734 -410 128 -0.4583333333
GRID 734 -410 200 -0.4583333333
GRID 734 -410 256 -0.0249947917
GRID 734 -410 319 -0.0249947917
GRID 734 -409 -64 0.0374824219
GRID 734 -409 -32 0.0308676535
GRID 734 -409 0 0.0172270352
GRID 734 -409 32 -0.0008404109
GRID 734 -409 63 0.0928264173
GRID 734 -409 96 -0.2848438085
GRID 734 -409 128 -0.4583333333
GRID 734 -409 200 -0.4583333333
GRID 734 -409 256 -0.0249947917
GRID 734 -409 319 -0.0249947917
GRID 734 -408 -64 0.0374824219
GRID 734 -408 -32 0.0286283326
GRID 734 -408 0 0.0179451242
GRID 734 -408 32 -0.0009055611
GRID 734 -408 63 0.1088526568
GRID 734 -408 96 -0.2861517919
GRID 734 -408 128 -0.4583333333
GRID 734 -408 200 -0.4583333333
GRID 734 -408 256 -0.0249947917
GRID 734 -408 319 -0.0249947917
GRID 734 -407 -64 0.0374824219
GRID 734 -407 -32 0.0262990605
GRID 734 -407 0 0.0169364206
GRID 734 -407 32 -0.0009960886
GRID 734 -407 63 0.1162235742
GRID 734 -407 96 -0.2967264202
GRID 734 -407 128 -0.4583333333
GRID 734 -407 200 -0.4583333333
GRID 734 -407 256 -0.0249947917
GRID 734 -407 319 -0.0249947917
GRID 734 -406 -64 0.0374824219
GRID 734 -406 -32 0.0239695026
GRID 734 -406 0 0.0159276826
GRID 734 -406 32 -0.0010866162
GRID 734 -406 63 0.1235814746
GRID 734 -406 96 -0.3072182683
GRID 734 -406 128 -0.4583333333
GRID 734 -406 200 -0.4583333333
GRID 734 -406 256 -0.0249947917
GRID 734 -406 319 -0.0249947917
GRID 734 -405 -64 0.0374824219
GRID 734 -405 -32 0.0216396841
GRID 734 -405 0 0.0149189121
GRID 734 -405 32 -0.0011771438
GRID 734 -405 63 0.1309255253
GRID 734 -405 96 -0.3176241946
GRID 734 -405 128 -0.4583333333
GRID 734 -405 200 -0.4583333333
GRID 734 -405 256 -0.0249947917
GRID 734 -405 319 -0.0249947917
GRID 734 -404 -64 0.0374824219
GRID 734 -404 -32 0.0193096304
GRID 734 -404 0 0.0139101113
GRID 734 -404 32 -0.0012676713
GRID 734 -404 63 0.1382548940
GRID 734 -404 96 -0.3279410575
GRID 734 -404 128 -0.4583333333
GRID 734 -404 200 -0.4583333333
GRID 734 -404 256 -0.0249947917
GRID 734 -404 319 -0.0249947917
GRID 734 -403 -64 0.0374824219
GRID 734 -403 -32 0.0175266398
GRID 734 -403 0 0.0121359277
GRID 734 -403 32 -0.0013702276
GRID 734 -403 63 0.1254408678
GRID 734 -403 96 -0.3428312306
GRID 734 -403 128 -0.4583333333
GRID 734 -403 200 -0.4583333333
GRID 734 -403 256 -0.0249947917
GRID 734 -403 319 -0.0249947917
GRID 734 -402 -64 0.0374824219
GRID 734 -402 -32 0.0157435376
GRID 734 -402 0 0.0103616678
GRID 734 -402 32 -0.0014727839
GRID 734 -402 63 0.1125839299
GRID 734 -402 96 -0.3575152542
GRID 734 -402 128 -0.4583333333
GRID 734 -402 200 -0.4583333333
GRID 734 -402 256 -0.0249947917
GRID 734 -402 319 -0.0249947917
GRID 734 -401 -64 0.0374824219
GRID 734 -401 -32 0.0139603352
GRID 734 -401 0 0.0085873425
GRID 734 -401 32 -0.0015753402
GRID 734 -401 63 0.0996885186
GRID 734 -401 96 -0.3719833634
GRID 734 -401 128 -0.4583333333
GRID 734 -401 200 -0.4583333333
GRID 734 -401 256 -0.0249947917
GRID 734 -401 319 -0.0249947917
GRID 735 -416 -64 0.0374824219
GRID 735 -416 -32 0.0455307303
GRID 735 -416 0 0.0114077562
GRID 735 -416 32 -0.0007675687
GRID 735 -416 63 0.0105320081
GRID 735 -416 96 -0.2852363068
GRID 735 -416 128 -0.4583333333
GRID 735 -416 200 -0.4583333333
GRID 735 -416 256 -0.0249947917
GRID 735 -416 319 -0.0249947917
GRID 735 -415 -64 0.0374824219
GRID 735 -415 -32 0.0435936085
GRID 735 -415 0 0.0126309877
GRID 735 -415 32 -0.0009541363
GRID 735 -415 63 0.0150007416
GRID 735 -415 96 -0.2832569811
GRID 735 -415 128 -0.4583333333
GRID 735 -415 200 -0.4583333333
GRID 735 -415 256 -0.0249947917
GRID 735 -415 319 -0.0249947917
GRID 735 -414 -64 0.0374824219
GRID 735 -414 -32 0.0416561580
GRID 735 -414 0 0.0138541814
GRID 735 -414 32 -0.0011407039
GRID 735 -414 63 0.0194688758
GRID 735 -414 96 -0.2812749235
GRID 735 -414 128 -0.4583333333
GRID 735 -414 200 -0.4583333333
GRID 735 -414 256 -0.0249947917
GRID 735 -414 319 -0.0249947917
GRID 735 -413 -64 0.0374824219
GRID 735 -413 -32 0.0397183934
GRID 735 -413 0 0.0150773336
GRID 735 -413 32 -0.0013272714
GRID 735 -413 63 0.0239362321
GRID 735 -413 96 -0.2792901543
GRID 735 -413 128 -0.4583333333
GRID 735 -413 200 -0.4583333333
GRID 735 -413 256 -0.0249947917
GRID 735 -413 319 -0.0249947917
GRID 735 -412 -64 0.0374824219
GRID 735 -412 -32 0.0377803294
GRID 735 -412 0 0.0163004406
GRID 735 -412 32 -0.0015138388
GRID 735 -412 63 0.0284026318
GRID 735 -412 96 -0.2773026937
GRID 735 -412 128 -0.4583333333
GRID 735 -412 200 -0.4583333333
GRID 735 -412 256 -0.0249947917
GRID 735 -412 319 -0.0249947917
GRID 735 -411 -64 0.0374824219
GRID 735 -411 -32 0.0355850911
GRID 735 -411 0 0.0168045801
GRID 735 -411 32 -0.0016281376
GRID 735 -411 63 0.0475321724
GRID 735 -411 96 -0.2795208788
GRID 735 -411 128 -0.4583333333
GRID 735 -411 200 -0.4583333333
GRID 735 -411 256 -0.0249947917
GRID 735 -411 319 -0.0249947917
GRID 735 -410 -64 0.0374824219
GRID 735 -410 -32 0.0333895087
GRID 735 -410 0 0.0173087111
GRID 735 -410 32 -0.0017424364
GRID 735 -410 63 0.0666267961
GRID 735 -410 96 -0.2817357080
GRID 735 -410 128 -0.4583333333
GRID 735 -410 200 -0.4583333333
GRID 735 -410 256 -0.0249947917
GRID 735 -410 319 -0.0249947917
GRID 735 -409 -64 0.0374824219
GRID 735 -409 -32 0.0311936035
GRID 735 -409 0 0.0178128332
GRID 735 -409 32 -0.0018567352
GRID 735 -409 63 0.0856724403
GRID 735 -409 96 -0.2839471530
GRID 735 -409 128 -0.4583333333
GRID 735 -409 200 -0.4583333333
GRID 735 -409 256 -0.0249947917
GRID 735 -409 319 -0.0249947917
GRID 735 -408 -64 0.0374824219
GRID 735 -408 -32 0.0289973968
GRID 735 -408 0 0.0183169463
GRID 735 -408 32 -0.0019710339
GRID 735 -408 63 0.1046550424
GRID 735 -408 96 -0.2861551857
GRID 735 -408 128 -0.4583333333
GRID 735 -408 200 -0.4583333333
GRID 735 -408 256 -0.0249947917
GRID 735 -408 319 -0.0249947917
GRID 735 -407 -64 0.0374824219
GRID 735 -407 -32 0.0267399476
GRID 735 -407 0 0.0168251613
GRID 735 -407 32 -0.0021005408
GRID 735 -407 63 0.1118240704
GRID 735 -407 96 -0.2961253304
GRID 735 -407 128 -0.4583333333
GRID 735 -407 200 -0.4583333333
GRID 735 -407 256 -0.0249947917
GRID 735 -407 319 -0.0249947917
GRID 735 -406 -64 0.0374824219
GRID 735 -406 -32 0.0244822254
GRID 735 -406 0 0.0153333014
GRID 735 -406 32 -0.0022300477
GRID 735 -406 63 0.1189812778
GRID 735 -406 96 -0.3060220800
GRID 735 -406 128 -0.4583333333
GRID 735 -406 200 -0.4583333333
GRID 735 -406 256 -0.0249947917
GRID 735 -406 319 -0.0249947917
GRID 735 -405 -64 0.0374824219
GRID 735 -405 -32 0.0222242532
GRID 735 -405 0 0.0138413731
GRID 735 -405 32 -0.0023595545
GRID 735 -405 63 0.1261259010
GRID 735 -405 96 -0.3158428030
GRID 735 -405 128 -0.4583333333
GRID 735 -405 200 -0.4583333333
GRID 735 -405 256 -0.0249947917
GRID 735 -405 319 -0.0249947917
GRID 735 -404 -64 0.0374824219
GRID 735 -404 -32 0.0199660541
GRID 735 -404 0 0.0123493833
GRID 735 -404 32 -0.0024890613
GRID 735 -404 63 0.1332571764
GRID 735 -404 96 -0.3255848683
GRID 735 -404 128 -0.4583333333
GRID 735 -404 200 -0.4583333333
GRID 735 -404 256 -0.0249947917
GRID 735 -404 319 -0.0249947917
GRID 735 -403 -64 0.0374824219
GRID 735 -403 -32 0.0181326328
GRID 735 -403 0 0.0105244867
GRID 735 -403 32 -0.0024910170
GRID 735 -403 63 0.1161533647
GRID 735 -403 96 -0.3433670613
GRID 735 -403 128 -0.4583333333
GRID 735 -403 200 -0.4583333333
GRID 735 -403 256 -0.0249947917
GRID 735 -403 319 -0.0249947917
GRID 735 -402 -64 0.0374824219
GRID 735 -402 -32 0.0162990895
GRID 735 -402 0 0.0086995200
GRID 735 -402 32 -0.0024929728
GRID 735 -402 63 0.0989790826
GRID 735 -402 96 -0.3608552182
GRID 735 -402 128 -0.4583333333
GRID 735 -402 200 -0.4583333333
GRID 735 -402 256 -0.0249947917
GRID 735 -402 319 -0.0249947917
GRID 735 -401 -64 0.0374824219
GRID 735 -401 -32 0.0144654365
GRID 735 -401 0 0.0068744954
GRID 735 -401 32 -0.0024949285
GRID 735 -401 63 0.0817448252
GRID 735 -401 96 -0.3780327477
GRID 735 -401 128 -0.4583333333
GRID 735 -401 200 -0.4583333333
GRID 735 -401 256 -0.0249947917
GRID 735 -401 319 -0.0249947917
