0 0.458333
4 0.458333
8 0.384280
12 0.311667
16 0.216535
20 0.117494
24 0.016739
28 0.033780
32 0.029970
36 0.024308
40 0.070481
44 -0.054082
48 -0.056753
52 0.103015
56 0.097569
60 0.090403
64 0.052259
68 0.057484
72 0.089989
76 0.092884
80 0.096755
84 0.096081
88 0.093225
92 0.093148
96 0.084843
100 0.060797
104 0.080172
108 0.108037
112 0.137346
116 0.179601
120 0.209186
124 0.239458
128 0.291000
132 0.291000
136 0.291000
140 0.291000
144 0.291000
148 0.291000
152 0.291000
156 0.291000
160 0.291000
164 0.291000
168 0.291000
172 0.291000
176 0.291000
180 0.291000
184 0.291000
188 0.291000
192 0.291000
196 0.291000
200 0.291000
204 0.291000
208 0.291000
212 0.291000
216 0.291000
220 0.291000
224 0.291000
228 0.291000
232 0.291000
236 0.291000
240 0.291000
244 0.291000
248 0.291000
252 0.291000
